4.289390 0.040686
4.328919 0.032157
9.471244 0.038704
14.589715 0.051446
19.711530 0.034622
19.847392 0.000376
19.848190 0.000192
19.852426 0.000273
19.853029 0.000076
19.856116 0.000327
19.856674 0.000062
19.859655 0.000268
19.860164 0.000057
19.863402 0.000268
19.863906 0.000072
19.866730 0.000282
19.867256 0.000078
24.832712 0.035614
29.948432 0.045189
45.308729 0.036831
45.309483 0.036077
50.388610 0.044754
50.413234 0.050248
65.098112 0.000229
65.098540 0.000110
65.098719 0.000079
65.098866 0.000109
65.099103 0.000124
65.099294 0.000124
65.099481 0.000120
65.099708 0.000123
65.109565 0.000222
65.110047 0.000096
65.112221 0.000061
65.112482 0.000095
65.112490 0.000101
65.112486 0.000205
65.112671 0.000132
65.112677 0.000148
65.112681 0.000149
65.112764 0.000812
65.112896 0.000705
65.113621 0.002216
67.260525 0.000943
67.261976 0.000099
67.261990 0.000095
67.261986 0.001250
67.262184 0.001110
67.262190 0.001681
67.262194 0.001691
67.262240 0.001652
67.263909 0.001740
67.307060 0.000118
67.440998 0.002017
67.443574 0.001856
67.443570 0.001911
67.443722 0.001766
67.443727 0.001765
67.443768 0.001729
67.445521 0.009817
67.464599 0.000290
67.464939 0.000040
67.466036 0.000055
67.466124 0.000039
67.521806 0.000066
67.521803 0.000152
67.521624 0.000349
67.521606 0.000367
67.521636 0.000336
67.521646 0.000327
67.521942 0.000087
67.521949 0.000103
67.521994 0.000064
67.522071 0.000047
67.522144 0.002230
67.584274 0.017094
67.645336 0.000498
67.645385 0.000463
67.711573 0.000305
67.712167 0.000134
67.722176 0.021403
67.726218 0.028460
67.730287 0.038980
67.734443 0.049960
67.796434 0.000497
67.874765 0.017128
67.881142 0.029165
67.883191 0.050206
67.887372 0.060842
67.879021 0.082731
67.891556 0.073942
67.893532 0.073271
67.966933 0.000069
68.052644 0.017182
68.073111 0.058823
68.132016 0.000309
68.214171 0.017211
68.220536 0.027604
68.222657 0.032511
68.226851 0.050425
68.228981 0.055918
68.218447 0.073904
68.302369 0.000281
68.379139 0.017869
68.383448 0.027522
68.387630 0.038628
68.391846 0.045453
68.396047 0.060208
68.397735 0.059255
68.457090 0.000065
68.494498 0.007969
68.528822 0.000067
69.521117 0.003192
69.524497 0.001045
69.527860 0.001047
69.528943 0.001039
70.849054 0.025524
70.849114 0.025465
70.852760 0.043429
71.013824 0.275497
71.014890 0.274432
71.018269 0.279644
71.021348 0.290717
71.022277 0.289789
71.020359 0.295467
71.020804 0.295022
71.030394 0.307628
71.035673 0.317708
71.041944 0.326781
71.047433 0.336566
71.090451 0.304278
71.020902 0.373827
71.011612 0.383116
71.021495 0.373233
71.108064 0.286665
71.102534 0.292194
71.114494 0.280235
71.108123 0.286605
71.124645 0.270084
71.124171 0.270558
71.124732 0.269997
71.009732 0.388832
71.008595 0.389969
71.009242 0.389322
71.010238 0.389409
71.011444 0.391138
71.013119 0.395002
71.013377 0.394744
71.183376 0.235310
71.053476 0.372880
71.057457 0.378611
71.065359 0.406451
71.065089 0.406721
71.067292 0.410634
71.067660 0.410266
71.070405 0.415409
71.071165 0.414650
71.072474 0.416691
71.076021 0.421778
71.079253 0.425504
71.084536 0.433934
71.085278 0.436629
71.085665 0.436242
71.085939 0.435968
71.090245 0.441138
71.093005 0.445345
71.096378 0.449186
71.102451 0.458093
71.107802 0.466524
71.107920 0.466956
71.114354 0.481731
71.115346 0.483536
71.122340 0.494739
71.123424 0.496600
71.124459 0.498449
71.125418 0.497491
71.126184 0.499399
71.128092 0.503413
71.128502 0.503003
73.754001 0.022146
73.754645 0.021503
73.754323 0.021824
73.754157 0.021991
73.754078 0.022070
73.754040 0.022108
73.754020 0.022127
73.754011 0.022136
73.754031 0.022117
73.754058 0.022089
73.754049 0.022098
73.754068 0.022080
73.754118 0.022030
73.754096 0.022051
73.754087 0.022060
73.754108 0.022040
73.754136 0.022011
73.754127 0.022020
73.754147 0.022001
73.754243 0.021904
73.754195 0.021953
73.754176 0.021971
73.754167 0.021981
73.754185 0.021962
73.754223 0.021924
73.754205 0.021942
73.754233 0.021914
73.754284 0.021863
73.754265 0.021883
73.754255 0.021893
73.754274 0.021873
73.754304 0.021843
73.754295 0.021853
73.754314 0.021833
73.754480 0.021667
73.754403 0.021745
73.754362 0.021785
73.754343 0.021805
73.754333 0.021814
73.754353 0.021795
73.754382 0.021766
73.754372 0.021776
73.754393 0.021755
73.754441 0.021706
73.754422 0.021726
73.754412 0.021735
73.754432 0.021716
73.754460 0.021687
73.754451 0.021696
73.754470 0.021677
73.754566 0.021581
73.754519 0.021629
73.754499 0.021648
73.754490 0.021658
73.754509 0.021638
73.754546 0.021601
73.754537 0.021610
73.754557 0.021591
73.754586 0.021561
73.754577 0.021571
73.754596 0.021551
73.754973 0.021174
73.754809 0.021339
73.754733 0.021414
73.754695 0.021453
73.754664 0.021484
73.754655 0.021493
73.754674 0.021473
73.754714 0.021433
73.754705 0.021442
73.754723 0.021424
73.754771 0.021376
73.754752 0.021395
73.754743 0.021404
73.754762 0.021385
73.754790 0.021357
73.754781 0.021367
73.754800 0.021347
73.754895 0.021252
73.754856 0.021291
73.754829 0.021319
73.754820 0.021328
73.754839 0.021309
73.754875 0.021272
73.754866 0.021281
73.754885 0.021263
73.754933 0.021214
73.754914 0.021233
73.754905 0.021242
73.754924 0.021223
73.754953 0.021195
73.754944 0.021204
73.754964 0.021183
73.755126 0.021021
73.755049 0.021098
73.755011 0.021136
73.754993 0.021155
73.754983 0.021164
73.755003 0.021145
73.755030 0.021117
73.755021 0.021126
73.755040 0.021108
73.755087 0.021060
73.755068 0.021080
73.755058 0.021089
73.755078 0.021070
73.755107 0.021041
73.755098 0.021049
73.755116 0.021031
73.755213 0.020934
73.755174 0.020973
73.755155 0.020993
73.755137 0.021010
73.755165 0.020983
73.755194 0.020954
73.755184 0.020963
73.755204 0.020944
73.755252 0.020896
73.755231 0.020916
73.755222 0.020925
73.755243 0.020905
73.755298 0.024456
73.755264 0.024491
73.755279 0.024476
73.755289 0.024466
73.755945 0.023810
73.755610 0.024144
73.755459 0.024295
73.755376 0.024379
73.755338 0.024417
73.755318 0.024436
73.755309 0.024446
73.755329 0.024426
73.755357 0.024398
73.755347 0.024407
73.755366 0.024389
73.755415 0.024340
73.755396 0.024359
73.755386 0.024368
73.755405 0.024349
73.755435 0.024319
73.755426 0.024329
73.755445 0.024309
73.755536 0.024219
73.755497 0.024257
73.755480 0.024275
73.755470 0.024285
73.755489 0.024266
73.755516 0.024239
73.755507 0.024247
73.755527 0.024228
73.755572 0.024182
73.755554 0.024201
73.755545 0.024210
73.755563 0.024192
73.755591 0.024164
73.755582 0.024173
73.755601 0.024154
73.755768 0.023986
73.755688 0.024067
73.755647 0.024107
73.755629 0.024126
73.755620 0.024134
73.755639 0.024116
73.755668 0.024086
73.755659 0.024096
73.755678 0.024077
73.755726 0.024029
73.755707 0.024048
73.755698 0.024057
73.755717 0.024038
73.755749 0.024005
73.755740 0.024015
73.755759 0.023996
73.755847 0.023907
73.755809 0.023945
73.755789 0.023966
73.755779 0.023976
73.755800 0.023955
73.755829 0.023926
73.755819 0.023935
73.755838 0.023917
73.755904 0.023851
73.755866 0.023889
73.755857 0.023898
73.755876 0.023879
73.755923 0.023831
73.755914 0.023841
73.755935 0.023820
73.756260 0.023494
73.756106 0.023648
73.756027 0.023728
73.755983 0.023772
73.755964 0.023791
73.755955 0.023800
73.755973 0.023781
73.756003 0.023752
73.755993 0.023762
73.756014 0.023741
73.756066 0.023689
73.756045 0.023709
73.756036 0.023719
73.756056 0.023699
73.756086 0.023668
73.756077 0.023678
73.756096 0.023658
73.756182 0.023572
73.756144 0.023611
73.756126 0.023629
73.756116 0.023639
73.756135 0.023620
73.756164 0.023591
73.756154 0.023601
73.756173 0.023582
73.756221 0.023534
73.756201 0.023554
73.756192 0.023563
73.756212 0.023543
73.756240 0.023515
73.756230 0.023524
73.756251 0.023504
73.756418 0.023337
73.756341 0.023414
73.756298 0.023457
73.756279 0.023476
73.756270 0.023485
73.756289 0.023466
73.756321 0.023433
73.756311 0.023443
73.756331 0.023423
73.756379 0.023376
73.756360 0.023394
73.756351 0.023404
73.756370 0.023385
73.756398 0.023356
73.756389 0.023366
73.756409 0.023346
73.756494 0.023261
73.756455 0.023299
73.756436 0.023318
73.756428 0.023327
73.756446 0.023309
73.756474 0.023281
73.756465 0.023290
73.756484 0.023270
73.756513 0.023242
73.756504 0.023251
73.758370 0.030207
73.758349 0.030228
73.758337 0.030240
73.758360 0.030217
73.758393 0.030184
73.758383 0.030194
73.758411 0.030166
73.758403 0.030174
73.758421 0.030156
73.760953 0.034296
73.760597 0.034653
73.760443 0.034806
73.760406 0.034843
73.760425 0.034824
73.760416 0.034833
73.760434 0.034815
73.760518 0.034731
73.760481 0.034769
73.760461 0.034788
73.760453 0.034797
73.760471 0.034778
73.760499 0.034750
73.760491 0.034759
73.760509 0.034741
73.760559 0.034691
73.760540 0.034710
73.760529 0.034720
73.760550 0.034699
73.760578 0.034671
73.760569 0.034681
73.760588 0.034661
73.760757 0.034492
73.760681 0.034569
73.760636 0.034614
73.760616 0.034633
73.760607 0.034643
73.760627 0.034623
73.760656 0.034594
73.760646 0.034603
73.760672 0.034578
73.760719 0.034531
73.760700 0.034549
73.760691 0.034559
73.760710 0.034540
73.760738 0.034511
73.760729 0.034521
73.760748 0.034502
73.760835 0.034414
73.760796 0.034454
73.760777 0.034473
73.760767 0.034482
73.760786 0.034463
73.760817 0.034433
73.760807 0.034442
73.760827 0.034423
73.760915 0.034335
73.760883 0.034366
73.760845 0.034405
73.760904 0.034345
73.760934 0.034315
73.760925 0.034324
73.760944 0.034306
73.761586 0.033664
73.761272 0.033978
73.761115 0.034135
73.761038 0.034211
73.761000 0.034249
73.760972 0.034278
73.760963 0.034286
73.760986 0.034264
73.761019 0.034231
73.761009 0.034240
73.761029 0.034221
73.761077 0.034173
73.761057 0.034193
73.761048 0.034202
73.761068 0.034182
73.761095 0.034154
73.761086 0.034163
73.761105 0.034144
73.761192 0.034058
73.761154 0.034096
73.761134 0.034115
73.761126 0.034124
73.761144 0.034105
73.761173 0.034077
73.761164 0.034086
73.761183 0.034067
73.761230 0.034019
73.761210 0.034039
73.761202 0.034048
73.761221 0.034029
73.761249 0.034000
73.761240 0.034009
73.761262 0.033987
73.761430 0.033819
73.761353 0.033897
73.761314 0.033936
73.761295 0.033955
73.761285 0.033964
73.761304 0.033945
73.761333 0.033916
73.761324 0.033926
73.761343 0.033906
73.761391 0.033859
73.761371 0.033879
73.761362 0.033888
73.761382 0.033868
73.761411 0.033838
73.761403 0.033847
73.761421 0.033829
73.761505 0.033744
73.761468 0.033782
73.761449 0.033800
73.761440 0.033809
73.761459 0.033791
73.761487 0.033763
73.761478 0.033772
73.761496 0.033753
73.761544 0.033705
73.761524 0.033726
73.761515 0.033734
73.761535 0.033715
73.761567 0.033682
73.761555 0.033695
73.761577 0.033673
73.761660 0.033590
73.761622 0.033627
73.761604 0.033646
73.761595 0.033655
73.761614 0.033636
73.761642 0.033608
73.761632 0.033617
73.761651 0.033598
73.761680 0.033570
73.761671 0.033579
73.762218 0.036386
73.761690 0.036914
73.761908 0.036696
73.761825 0.036779
73.761747 0.036857
73.761729 0.036876
73.761709 0.036895
73.761719 0.036885
73.761738 0.036866
73.761785 0.036819
73.761766 0.036838
73.761757 0.036847
73.761776 0.036829
73.761804 0.036801
73.761794 0.036810
73.761815 0.036789
73.761871 0.036733
73.761844 0.036760
73.761835 0.036769
73.761861 0.036743
73.761890 0.036715
73.761881 0.036723
73.761899 0.036705
73.762060 0.036544
73.761985 0.036619
73.761946 0.036658
73.761927 0.036677
73.761918 0.036686
73.761937 0.036667
73.761966 0.036638
73.761957 0.036647
73.761976 0.036629
73.762022 0.036582
73.762004 0.036601
73.761995 0.036609
73.762014 0.036591
73.762041 0.036563
73.762032 0.036572
73.762051 0.036553
73.762136 0.036468
73.762099 0.036505
73.762079 0.036525
73.762070 0.036534
73.762090 0.036514
73.762118 0.036486
73.762109 0.036495
73.762128 0.036477
73.762180 0.036424
73.762160 0.036444
73.762151 0.036454
73.762170 0.036434
73.762198 0.036406
73.762190 0.036415
73.762208 0.036396
73.762532 0.036072
73.762371 0.036233
73.762293 0.036311
73.762256 0.036348
73.762237 0.036367
73.762229 0.036376
73.762247 0.036357
73.762275 0.036329
73.762266 0.036338
73.762284 0.036320
73.762331 0.036273
73.762312 0.036292
73.762303 0.036301
73.762322 0.036282
73.762351 0.036254
73.762342 0.036263
73.762361 0.036243
73.762454 0.036151
73.762409 0.036195
73.762390 0.036215
73.762381 0.036223
73.762400 0.036204
73.762433 0.036171
73.762419 0.036185
73.762444 0.036160
73.762492 0.036112
73.762472 0.036132
73.762463 0.036141
73.762483 0.036121
73.762514 0.036091
73.762504 0.036100
73.762523 0.036081
73.762683 0.035921
73.762606 0.035998
73.762569 0.036035
73.762551 0.036054
73.762541 0.036063
73.762560 0.036044
73.762588 0.036016
73.762578 0.036026
73.762597 0.036007
73.762645 0.035959
73.762626 0.035979
73.762616 0.035988
73.762636 0.035968
73.762664 0.035941
73.762655 0.035949
73.762674 0.035930
73.762774 0.035830
73.762735 0.035869
73.762692 0.035912
73.762702 0.035903
73.762754 0.035850
73.762744 0.035860
73.762763 0.035841
73.762813 0.035791
73.762794 0.035810
73.762783 0.035821
73.762803 0.035801
73.762823 0.035781
73.763474 0.038998
73.763788 0.038685
73.763634 0.038839
73.763551 0.038922
73.763513 0.038960
73.763493 0.038980
73.763484 0.038989
73.763504 0.038969
73.763532 0.038941
73.763522 0.038951
73.763541 0.038932
73.763594 0.038879
73.763574 0.038899
73.763559 0.038914
73.763584 0.038889
73.763614 0.038859
73.763603 0.038870
73.763623 0.038849
73.763709 0.038764
73.763672 0.038801
73.763653 0.038820
73.763643 0.038830
73.763662 0.038811
73.763691 0.038782
73.763681 0.038792
73.763700 0.038773
73.763750 0.038723
73.763731 0.038742
73.763719 0.038754
73.763740 0.038733
73.763769 0.038704
73.763760 0.038713
73.763778 0.038695
73.763869 0.038604
73.763826 0.038647
73.763806 0.038667
73.763797 0.038676
73.763816 0.038657
73.763845 0.038628
73.763835 0.038638
73.763858 0.038615
73.763907 0.038566
73.763887 0.038585
73.763878 0.038595
73.763897 0.038576
73.763926 0.038547
73.763916 0.038557
73.763935 0.038538
73.763945 0.038528
73.764739 0.057433
73.764430 0.057743
73.764111 0.058061
73.764092 0.058081
73.764079 0.058094
73.764102 0.058071
73.764271 0.057902
73.764193 0.057980
73.764155 0.058017
73.764131 0.058042
73.764121 0.058052
73.764145 0.058027
73.764174 0.057998
73.764165 0.058007
73.764184 0.057989
73.764233 0.057939
73.764214 0.057958
73.764205 0.057968
73.764223 0.057949
73.764252 0.057920
73.764243 0.057930
73.764262 0.057910
73.764347 0.057825
73.764310 0.057862
73.764291 0.057882
73.764281 0.057891
73.764301 0.057871
73.764329 0.057844
73.764319 0.057853
73.764339 0.057834
73.764387 0.057785
73.764368 0.057804
73.764358 0.057814
73.764378 0.057794
73.764405 0.057767
73.764396 0.057776
73.764416 0.057756
73.764583 0.057590
73.764505 0.057667
73.764467 0.057705
73.764449 0.057723
73.764440 0.057733
73.764458 0.057714
73.764486 0.057686
73.764477 0.057695
73.764496 0.057677
73.764544 0.057628
73.764525 0.057647
73.764516 0.057656
73.764535 0.057637
73.764564 0.057608
73.764555 0.057618
73.764574 0.057598
73.764657 0.057515
73.764620 0.057552
73.764602 0.057570
73.764592 0.057580
73.764611 0.057561
73.764639 0.057533
73.764630 0.057543
73.764648 0.057524
73.764697 0.057476
73.764677 0.057495
73.764667 0.057505
73.764688 0.057484
73.764720 0.057452
73.764710 0.057462
73.764730 0.057442
73.765096 0.057077
73.764932 0.057241
73.764817 0.057356
73.764777 0.057395
73.764759 0.057414
73.764749 0.057423
73.764768 0.057404
73.764797 0.057375
73.764788 0.057384
73.764807 0.057365
73.764889 0.057284
73.764837 0.057335
73.764828 0.057345
73.764847 0.057326
73.764912 0.057260
73.764903 0.057270
73.764922 0.057250
73.765013 0.057159
73.764969 0.057203
73.764951 0.057222
73.764941 0.057231
73.764960 0.057212
73.764989 0.057184
73.764979 0.057193
73.765003 0.057169
73.765058 0.057114
73.765040 0.057133
73.765024 0.057148
73.765049 0.057123
73.765077 0.057095
73.765068 0.057104
73.765086 0.057086
73.765172 0.057000
73.765134 0.057039
73.765115 0.057057
73.765106 0.057067
73.765124 0.057048
73.765154 0.057019
73.765145 0.057028
73.765163 0.057009
73.765211 0.056961
73.765192 0.056980
73.765183 0.056990
73.765202 0.056971
73.765229 0.056943
73.765220 0.056952
73.765240 0.056933
73.767273 0.062741
73.766655 0.063359
73.766635 0.063379
73.766622 0.063392
73.766646 0.063368
73.766966 0.063048
73.766810 0.063204
73.766729 0.063285
73.766692 0.063322
73.766674 0.063340
73.766665 0.063349
73.766683 0.063331
73.766711 0.063303
73.766702 0.063312
73.766720 0.063294
73.766771 0.063243
73.766753 0.063261
73.766743 0.063271
73.766762 0.063252
73.766791 0.063223
73.766782 0.063232
73.766801 0.063213
73.766887 0.063127
73.766850 0.063164
73.766831 0.063183
73.766820 0.063194
73.766841 0.063173
73.766869 0.063145
73.766859 0.063155
73.766878 0.063136
73.766929 0.063085
73.766908 0.063106
73.766898 0.063116
73.766919 0.063095
73.766947 0.063067
73.766938 0.063076
73.766957 0.063057
73.767122 0.062892
73.767045 0.062969
73.767003 0.063011
73.766985 0.063029
73.766976 0.063039
73.766994 0.063020
73.767022 0.062992
73.767013 0.063001
73.767035 0.062979
73.767084 0.062930
73.767066 0.062948
73.767056 0.062958
73.767076 0.062939
73.767103 0.062911
73.767094 0.062920
73.767113 0.062901
73.767198 0.062816
73.767159 0.062855
73.767141 0.062873
73.767132 0.062882
73.767151 0.062864
73.767179 0.062835
73.767169 0.062845
73.767189 0.062825
73.767236 0.062778
73.767218 0.062796
73.767208 0.062806
73.767228 0.062786
73.767255 0.062759
73.767246 0.062768
73.767265 0.062749
73.767585 0.062429
73.767431 0.062583
73.767354 0.062660
73.767314 0.062700
73.767292 0.062722
73.767283 0.062731
73.767302 0.062713
73.767334 0.062680
73.767326 0.062689
73.767344 0.062670
73.767394 0.062620
73.767374 0.062640
73.767365 0.062649
73.767384 0.062630
73.767413 0.062601
73.767403 0.062611
73.767422 0.062592
73.767508 0.062506
73.767470 0.062544
73.767451 0.062564
73.767441 0.062573
73.767461 0.062553
73.767490 0.062524
73.767480 0.062534
73.767499 0.062515
73.767547 0.062467
73.767529 0.062485
73.767519 0.062495
73.767538 0.062476
73.767566 0.062448
73.767556 0.062458
73.767576 0.062439
73.767782 0.062232
73.767668 0.062346
73.767629 0.062385
73.767610 0.062404
73.767601 0.062414
73.767620 0.062394
73.767649 0.062365
73.767640 0.062374
73.767658 0.062356
73.767687 0.062327
73.767678 0.062336
73.767706 0.062308
73.767697 0.062317
73.767724 0.062290
73.767716 0.062298
73.767735 0.062279
73.767858 0.062156
73.767819 0.062195
73.767801 0.062213
73.767792 0.062222
73.767810 0.062204
73.767839 0.062175
73.767830 0.062184
73.767849 0.062165
73.768563 0.063994
73.768640 0.063918
73.768601 0.063956
73.768582 0.063975
73.768573 0.063984
73.768592 0.063966
73.768621 0.063936
73.768611 0.063946
73.768631 0.063926
73.768716 0.063841
73.768678 0.063880
73.768658 0.063899
73.768649 0.063908
73.768669 0.063889
73.768698 0.063859
73.768688 0.063869
73.768707 0.063851
73.768797 0.063760
73.768758 0.063799
73.768740 0.063818
73.768726 0.063831
73.768749 0.063808
73.768778 0.063779
73.768769 0.063789
73.768788 0.063769
73.768836 0.063721
73.768816 0.063742
73.768807 0.063751
73.768828 0.063730
73.768893 0.063664
73.768846 0.063711
73.768911 0.063646
73.768921 0.063636
73.770004 0.066246
73.769379 0.066871
73.769067 0.067183
73.768987 0.067263
73.768948 0.067302
73.768967 0.067283
73.768957 0.067293
73.768978 0.067272
73.769030 0.067220
73.769006 0.067244
73.768997 0.067253
73.769021 0.067229
73.769048 0.067202
73.769040 0.067210
73.769058 0.067192
73.769221 0.067029
73.769147 0.067103
73.769109 0.067141
73.769091 0.067159
73.769081 0.067169
73.769100 0.067150
73.769128 0.067122
73.769118 0.067132
73.769137 0.067113
73.769184 0.067066
73.769166 0.067084
73.769157 0.067093
73.769176 0.067074
73.769203 0.067047
73.769194 0.067056
73.769212 0.067038
73.769299 0.066951
73.769259 0.066991
73.769240 0.067010
73.769231 0.067019
73.769249 0.067001
73.769278 0.066972
73.769269 0.066981
73.769291 0.066959
73.769337 0.066912
73.769318 0.066932
73.769309 0.066941
73.769328 0.066922
73.769360 0.066890
73.769347 0.066903
73.769370 0.066880
73.769691 0.066559
73.769533 0.066717
73.769457 0.066793
73.769417 0.066833
73.769398 0.066852
73.769389 0.066861
73.769408 0.066842
73.769439 0.066811
73.769429 0.066821
73.769448 0.066802
73.769496 0.066754
73.769477 0.066773
73.769468 0.066782
73.769486 0.066764
73.769515 0.066735
73.769505 0.066745
73.769524 0.066726
73.769610 0.066640
73.769573 0.066677
73.769554 0.066696
73.769545 0.066705
73.769564 0.066686
73.769592 0.066658
73.769583 0.066667
73.769601 0.066649
73.769654 0.066596
73.769630 0.066620
73.769620 0.066630
73.769640 0.066610
73.769672 0.066578
73.769664 0.066586
73.769682 0.066568
73.769846 0.066404
73.769768 0.066482
73.769731 0.066519
73.769711 0.066539
73.769702 0.066548
73.769721 0.066529
73.769749 0.066501
73.769740 0.066510
73.769759 0.066491
73.769807 0.066443
73.769787 0.066463
73.769778 0.066472
73.769797 0.066453
73.769826 0.066424
73.769817 0.066433
73.769836 0.066414
73.769922 0.066328
73.769884 0.066366
73.769865 0.066385
73.769856 0.066394
73.769874 0.066376
73.769903 0.066347
73.769894 0.066356
73.769912 0.066337
73.769964 0.066286
73.769944 0.066306
73.769935 0.066315
73.769954 0.066296
73.769985 0.066265
73.769976 0.066274
73.769994 0.066256
73.770157 0.066093
73.770080 0.066170
73.770041 0.066209
73.770022 0.066228
73.770013 0.066237
73.770032 0.066218
73.770060 0.066190
73.770052 0.066198
73.770070 0.066180
73.770120 0.066130
73.770099 0.066151
73.770090 0.066160
73.770110 0.066140
73.770139 0.066111
73.770130 0.066120
73.770148 0.066102
73.770177 0.066073
73.770167 0.066083
73.770186 0.069569
73.771269 0.068486
73.770635 0.069120
73.770477 0.069279
73.770321 0.069434
73.770242 0.069513
73.770223 0.069532
73.770199 0.069556
73.770210 0.069545
73.770233 0.069522
73.770282 0.069473
73.770263 0.069492
73.770254 0.069502
73.770272 0.069483
73.770302 0.069453
73.770293 0.069462
73.770312 0.069443
73.770399 0.069356
73.770361 0.069394
73.770340 0.069415
73.770331 0.069424
73.770350 0.069405
73.770380 0.069376
73.770371 0.069384
73.770390 0.069365
73.770439 0.069317
73.770418 0.069337
73.770409 0.069346
73.770428 0.069327
73.770457 0.069298
73.770448 0.069307
73.770467 0.069288
73.770558 0.069197
73.770519 0.069236
73.770495 0.069260
73.770486 0.069269
73.770509 0.069246
73.770539 0.069216
73.770530 0.069226
73.770548 0.069207
73.770597 0.069158
73.770577 0.069179
73.770568 0.069187
73.770586 0.069169
73.770616 0.069139
73.770607 0.069148
73.770626 0.069129
73.770954 0.068801
73.770797 0.068958
73.770715 0.069041
73.770676 0.069079
73.770654 0.069102
73.770645 0.069110
73.770666 0.069089
73.770696 0.069059
73.770685 0.069070
73.770705 0.069050
73.770754 0.069001
73.770733 0.069022
73.770724 0.069031
73.770744 0.069011
73.770774 0.068981
73.770765 0.068991
73.770784 0.068971
73.770876 0.068880
73.770837 0.068918
73.770818 0.068937
73.770808 0.068947
73.770828 0.068928
73.770856 0.068899
73.770847 0.068908
73.770866 0.068889
73.770914 0.068842
73.770894 0.068861
73.770885 0.068870
73.770904 0.068852
73.770932 0.068823
73.770923 0.068832
73.770943 0.068812
73.771112 0.068643
73.771030 0.068726
73.770972 0.068783
73.770964 0.068792
73.770982 0.068773
73.771068 0.068687
73.771049 0.068706
73.771040 0.068716
73.771058 0.068697
73.771093 0.068663
73.771084 0.068671
73.771103 0.068653
73.771190 0.068566
73.771149 0.068606
73.771131 0.068624
73.771121 0.068634
73.771141 0.068615
73.771168 0.068587
73.771159 0.068596
73.771180 0.068576
73.771230 0.068525
73.771209 0.068546
73.771199 0.068556
73.771220 0.068535
73.771249 0.068506
73.771240 0.068515
73.771259 0.068496
73.771427 0.068329
73.771344 0.068411
73.771307 0.068448
73.771287 0.068468
73.771278 0.068477
73.771297 0.068458
73.771325 0.068430
73.771316 0.068440
73.771335 0.068420
73.771389 0.068366
73.771366 0.068390
73.771356 0.068399
73.771379 0.068377
73.771408 0.068347
73.771399 0.068356
73.771417 0.068338
73.771446 0.068309
73.771436 0.068319
73.775368 0.071060
73.774768 0.071660
73.774483 0.071945
73.774403 0.072025
73.774350 0.072078
73.772719 0.073709
73.774385 0.072043
73.774374 0.072054
73.774394 0.072034
73.774445 0.071982
73.774421 0.072006
73.774411 0.072016
73.774430 0.071998
73.774466 0.071962
73.774456 0.071971
73.774474 0.071954
73.774625 0.071803
73.774555 0.071873
73.774520 0.071908
73.774501 0.071927
73.774492 0.071936
73.774511 0.071916
73.774537 0.071890
73.774529 0.071899
73.774546 0.071882
73.774590 0.071837
73.774572 0.071856
73.774563 0.071865
73.774581 0.071847
73.774607 0.071821
73.774598 0.071829
73.774616 0.071812
73.774695 0.071732
73.774661 0.071766
73.774644 0.071784
73.774635 0.071793
73.774653 0.071775
73.774678 0.071749
73.774670 0.071758
73.774686 0.071741
73.774732 0.071696
73.774715 0.071712
73.774704 0.071724
73.774723 0.071704
73.774749 0.071679
73.774741 0.071687
73.774759 0.071668
73.774929 0.071498
73.774835 0.071593
73.774802 0.071626
73.774784 0.071643
73.774777 0.071651
73.774793 0.071634
73.774818 0.071609
73.774810 0.071618
73.774827 0.071601
73.774868 0.071559
73.774852 0.071576
73.774843 0.071584
73.774860 0.071568
73.774913 0.071515
73.774904 0.071524
73.774921 0.071507
73.774997 0.071431
73.774962 0.071466
73.774946 0.071482
73.774937 0.071490
73.774954 0.071473
73.774978 0.071449
73.774970 0.071458
73.774989 0.071439
73.775033 0.071395
73.775014 0.071414
73.775006 0.071421
73.775024 0.071404
73.775049 0.071378
73.775041 0.071386
73.775065 0.071362
73.775057 0.071370
73.775082 0.071346
73.775073 0.071354
73.775090 0.071337
73.775435 0.070993
73.775402 0.071026
73.775385 0.071042
73.775377 0.071051
73.775393 0.071034
73.775418 0.071009
73.775410 0.071018
73.775426 0.071002
73.775469 0.070959
73.775452 0.070976
73.775443 0.070984
73.775460 0.070968
73.775487 0.070940
73.775479 0.070948
73.776712 0.073144
73.776776 0.073080
73.776744 0.073112
73.776729 0.073128
73.776720 0.073136
73.776736 0.073120
73.776760 0.073096
73.776752 0.073104
73.776768 0.073089
73.776794 0.073063
73.776785 0.073071
73.776802 0.074819
73.777267 0.074353
73.777010 0.074610
73.776946 0.074674
73.776848 0.074772
73.776832 0.074788
73.776816 0.074804
73.776824 0.074796
73.776840 0.074780
73.776912 0.074708
73.776896 0.074724
73.776887 0.074733
73.776904 0.074716
73.776929 0.074692
73.776920 0.074700
73.776938 0.074682
73.776979 0.074642
73.776962 0.074658
73.776954 0.074666
73.776970 0.074650
73.776994 0.074626
73.776986 0.074634
73.777002 0.074619
73.777139 0.074481
73.777075 0.074545
73.777041 0.074579
73.777026 0.074595
73.777018 0.074603
73.777033 0.074587
73.777058 0.074562
73.777050 0.074570
73.777066 0.074555
73.777107 0.074514
73.777091 0.074529
73.777083 0.074538
73.777099 0.074521
73.777123 0.074497
73.777115 0.074505
73.777131 0.074490
73.777203 0.074417
73.777172 0.074448
73.777155 0.074466
73.777147 0.074473
73.777164 0.074456
73.777187 0.074433
73.777180 0.074441
73.777195 0.074425
73.777235 0.074385
73.777219 0.074401
73.777211 0.074409
73.777227 0.074394
73.777252 0.074369
73.777244 0.074377
73.777259 0.074361
73.777301 0.074319
73.777285 0.074335
73.777277 0.074343
73.777293 0.074328
73.777318 0.074303
73.777309 0.074311
73.777325 0.074295
73.777333 0.077635
73.778349 0.076620
73.777809 0.077160
73.777534 0.077435
73.777403 0.077566
73.777369 0.077599
73.777354 0.077615
73.777345 0.077623
73.777361 0.077607
73.777385 0.077583
73.777377 0.077592
73.777395 0.077574
73.777467 0.077502
73.777434 0.077534
73.777419 0.077550
73.777411 0.077558
73.777427 0.077542
73.777451 0.077518
73.777442 0.077527
73.777458 0.077510
73.777499 0.077470
73.777483 0.077486
73.777474 0.077494
73.777516 0.077453
73.777508 0.077460
73.777525 0.077444
73.777671 0.077297
73.777605 0.077364
73.777571 0.077397
73.777554 0.077415
73.777545 0.077423
73.777562 0.077407
73.777588 0.077381
73.777580 0.077389
73.777596 0.077372
73.777639 0.077330
73.777621 0.077348
73.777612 0.077356
73.777630 0.077339
73.777655 0.077314
73.777646 0.077322
73.777663 0.077306
73.777739 0.077230
73.777705 0.077264
73.777688 0.077281
73.777680 0.077289
73.777696 0.077272
73.777721 0.077247
73.777713 0.077256
73.777730 0.077239
73.777772 0.077197
73.777756 0.077213
73.777747 0.077221
73.777764 0.077205
73.777792 0.077177
73.777780 0.077189
73.777799 0.077169
73.778078 0.076891
73.777943 0.077026
73.777876 0.077093
73.777842 0.077127
73.777825 0.077144
73.777817 0.077152
73.777833 0.077136
73.777858 0.077110
73.777850 0.077119
73.777867 0.077102
73.777908 0.077060
73.777892 0.077077
73.777884 0.077085
73.777900 0.077069
73.777926 0.077043
73.777916 0.077053
73.777934 0.077035
73.778009 0.076959
73.777976 0.076993
73.777959 0.077010
73.777951 0.077018
73.777967 0.077002
73.777993 0.076976
73.777984 0.076984
73.778001 0.076968
73.778045 0.076924
73.778026 0.076943
73.778018 0.076951
73.778036 0.076932
73.778061 0.076907
73.778053 0.076916
73.778069 0.076899
73.778211 0.076758
73.778146 0.076823
73.778113 0.076856
73.778095 0.076874
73.778086 0.076883
73.778104 0.076865
73.778129 0.076840
73.778121 0.076848
73.778137 0.076832
73.778179 0.076790
73.778162 0.076807
73.778154 0.076815
73.778170 0.076798
73.778194 0.076774
73.778186 0.076782
73.778203 0.076766
73.778281 0.076688
73.778245 0.076723
73.778229 0.076740
73.778220 0.076748
73.778236 0.076732
73.778261 0.076707
73.778253 0.076716
73.778270 0.076699
73.778314 0.076655
73.778297 0.076671
73.778289 0.076680
73.778306 0.076663
73.778330 0.076639
73.778322 0.076647
73.778340 0.076629
73.778382 0.076586
73.778365 0.076604
73.778357 0.076612
73.778373 0.076596
73.778398 0.076570
73.778390 0.076579
73.778407 0.076562
73.778891 0.078036
73.778924 0.078002
73.778907 0.078019
73.778899 0.078028
73.778916 0.078011
73.778960 0.077966
73.778944 0.077983
73.778935 0.077991
73.778952 0.077974
73.778977 0.077949
73.778968 0.077958
73.778985 0.077942
73.778994 0.077933
73.779166 0.078721
73.779032 0.078854
73.779099 0.078787
73.779067 0.078819
73.779048 0.078838
73.779040 0.078846
73.779058 0.078828
73.779083 0.078803
73.779076 0.078811
73.779091 0.078795
73.779132 0.078754
73.779116 0.078771
73.779108 0.078779
73.779124 0.078762
73.779149 0.078737
73.779141 0.078746
73.779157 0.078729
73.779232 0.078654
73.779200 0.078686
73.779183 0.078704
73.779174 0.078712
73.779191 0.078695
73.779216 0.078670
73.779208 0.078679
73.779224 0.078662
73.779265 0.078621
73.779249 0.078637
73.779240 0.078646
73.779257 0.078630
73.779284 0.078602
73.779276 0.078610
73.779294 0.078592
73.780167 0.081145
73.779707 0.081605
73.779441 0.081871
73.779373 0.081939
73.779341 0.081971
73.779319 0.081993
73.779330 0.081982
73.779357 0.081955
73.779349 0.081963
73.779365 0.081947
73.779407 0.081905
73.779390 0.081922
73.779381 0.081931
73.779398 0.081914
73.779424 0.081888
73.779416 0.081896
73.779432 0.081880
73.779576 0.081736
73.779506 0.081806
73.779473 0.081839
73.779457 0.081855
73.779448 0.081864
73.779465 0.081847
73.779490 0.081822
73.779481 0.081831
73.779497 0.081815
73.779543 0.081769
73.779525 0.081787
73.779514 0.081798
73.779534 0.081778
73.779559 0.081753
73.779551 0.081761
73.779567 0.081745
73.779641 0.081671
73.779608 0.081704
73.779592 0.081720
73.779583 0.081729
73.779599 0.081712
73.779624 0.081687
73.779616 0.081696
73.779633 0.081679
73.779675 0.081637
73.779658 0.081654
73.779650 0.081662
73.779666 0.081646
73.779691 0.081621
73.779683 0.081629
73.779699 0.081613
73.780036 0.081276
73.779972 0.081340
73.779741 0.081571
73.779724 0.081588
73.779715 0.081597
73.779732 0.081580
73.779953 0.081359
73.779937 0.081374
73.779964 0.081348
73.780005 0.081307
73.779989 0.081323
73.779980 0.081332
73.779996 0.081316
73.780020 0.081292
73.780012 0.081299
73.780029 0.081283
73.780103 0.081209
73.780069 0.081243
73.780053 0.081259
73.780044 0.081268
73.780060 0.081252
73.780086 0.081226
73.780078 0.081234
73.780094 0.081218
73.780134 0.081178
73.780118 0.081194
73.780110 0.081202
73.780126 0.081186
73.780151 0.081161
73.780142 0.081170
73.780158 0.081154
73.780428 0.080884
73.780297 0.081015
73.780233 0.081079
73.780201 0.081111
73.780183 0.081129
73.780174 0.081138
73.780193 0.081119
73.780217 0.081095
73.780208 0.081104
73.780224 0.081088
73.780266 0.081046
73.780249 0.081063
73.780241 0.081071
73.780257 0.081055
73.780281 0.081031
73.780273 0.081039
73.780289 0.081023
73.780363 0.080949
73.780331 0.080981
73.780315 0.080997
73.780307 0.081005
73.780323 0.080989
73.780347 0.080965
73.780339 0.080973
73.780355 0.080957
73.780395 0.080917
73.780379 0.080933
73.780371 0.080941
73.780387 0.080925
73.780411 0.080901
73.780403 0.080909
73.780420 0.080892
73.780492 0.080820
73.780460 0.080852
73.780444 0.080868
73.780435 0.080877
73.780452 0.080860
73.780477 0.080835
73.780468 0.080844
73.780484 0.080828
73.780508 0.080804
73.780500 0.080812
73.780524 0.080787
73.780516 0.080796
73.780534 0.080778
73.780542 0.080770
73.781358 0.083376
73.781096 0.083638
73.780721 0.084013
73.780589 0.084145
73.780656 0.084078
73.780622 0.084112
73.780606 0.084128
73.780598 0.084136
73.780614 0.084120
73.780639 0.084095
73.780631 0.084103
73.780647 0.084087
73.780689 0.084045
73.780673 0.084061
73.780665 0.084069
73.780681 0.084053
73.780705 0.084029
73.780697 0.084037
73.780713 0.084021
73.780880 0.083854
73.780786 0.083947
73.780753 0.083981
73.780737 0.083997
73.780729 0.084005
73.780745 0.083989
73.780770 0.083964
73.780761 0.083972
73.780779 0.083955
73.780818 0.083916
73.780802 0.083932
73.780794 0.083940
73.780810 0.083923
73.780834 0.083899
73.780827 0.083907
73.780843 0.083891
73.781032 0.083702
73.781000 0.083734
73.780981 0.083753
73.780970 0.083764
73.780990 0.083744
73.781016 0.083718
73.781008 0.083726
73.781024 0.083709
73.781064 0.083670
73.781048 0.083686
73.781041 0.083693
73.781056 0.083678
73.781080 0.083654
73.781072 0.083662
73.781089 0.083645
73.781227 0.083507
73.781161 0.083572
73.781130 0.083604
73.781114 0.083620
73.781105 0.083629
73.781121 0.083613
73.781146 0.083588
73.781137 0.083596
73.781154 0.083580
73.781193 0.083541
73.781178 0.083556
73.781170 0.083564
73.781185 0.083548
73.781209 0.083524
73.781202 0.083532
73.781218 0.083516
73.781291 0.083443
73.781259 0.083475
73.781243 0.083491
73.781235 0.083499
73.781251 0.083483
73.781275 0.083459
73.781267 0.083467
73.781283 0.083451
73.781323 0.083410
73.781307 0.083427
73.781299 0.083434
73.781316 0.083418
73.781341 0.083393
73.781332 0.083402
73.781349 0.083384
73.781625 0.083109
73.781488 0.083246
73.781422 0.083311
73.781390 0.083344
73.781374 0.083360
73.781366 0.083368
73.781382 0.083352
73.781406 0.083328
73.781398 0.083336
73.781415 0.083319
73.781456 0.083278
73.781439 0.083295
73.781431 0.083303
73.781447 0.083287
73.781471 0.083263
73.781464 0.083270
73.781480 0.083254
73.781557 0.083177
73.781521 0.083213
73.781505 0.083229
73.781497 0.083237
73.781512 0.083221
73.781541 0.083193
73.781529 0.083205
73.781549 0.083184
73.781591 0.083143
73.781575 0.083159
73.781566 0.083168
73.781583 0.083151
73.781607 0.083127
73.781599 0.083134
73.781617 0.083117
73.781694 0.083040
73.781660 0.083074
73.781642 0.083092
73.781634 0.083100
73.781652 0.083082
73.781677 0.083057
73.781668 0.083066
73.781685 0.083049
73.781710 0.083023
73.781703 0.083031
73.781719 0.083015
73.782442 0.085751
73.782172 0.086021
73.781903 0.086290
73.781837 0.086356
73.781764 0.086429
73.781751 0.086442
73.781801 0.086393
73.781781 0.086413
73.781773 0.086420
73.781793 0.086401
73.781820 0.086373
73.781809 0.086384
73.781829 0.086365
73.781870 0.086323
73.781854 0.086340
73.781846 0.086347
73.781862 0.086331
73.781886 0.086307
73.781879 0.086315
73.781895 0.086298
73.782036 0.086157
73.781971 0.086222
73.781937 0.086256
73.781919 0.086274
73.781911 0.086282
73.781928 0.086265
73.781954 0.086239
73.781946 0.086247
73.781963 0.086230
73.782004 0.086190
73.781987 0.086206
73.781980 0.086214
73.781996 0.086197
73.782020 0.086173
73.782012 0.086181
73.782029 0.086165
73.782106 0.086087
73.782073 0.086120
73.782056 0.086137
73.782047 0.086146
73.782065 0.086128
73.782090 0.086104
73.782082 0.086111
73.782098 0.086095
73.782139 0.086054
73.782122 0.086071
73.782115 0.086079
73.782131 0.086063
73.782155 0.086038
73.782147 0.086046
73.782164 0.086030
73.782308 0.085885
73.782239 0.085955
73.782206 0.085987
73.782189 0.086004
73.782181 0.086013
73.782198 0.085995
73.782222 0.085971
73.782215 0.085979
73.782231 0.085962
73.782272 0.085921
73.782255 0.085938
73.782247 0.085946
73.782264 0.085930
73.782292 0.085902
73.782280 0.085913
73.782300 0.085893
73.782376 0.085818
73.782343 0.085851
73.782326 0.085868
73.782317 0.085877
73.782335 0.085858
73.782359 0.085834
73.782351 0.085842
73.782368 0.085826
73.782409 0.085784
73.782392 0.085801
73.782384 0.085809
73.782401 0.085793
73.782426 0.085768
73.782418 0.085776
73.782434 0.085759
73.782714 0.085479
73.782581 0.085612
73.782509 0.085684
73.782476 0.085718
73.782459 0.085734
73.782451 0.085743
73.782468 0.085726
73.782492 0.085701
73.782484 0.085709
73.782501 0.085693
73.782547 0.085646
73.782528 0.085666
73.782518 0.085675
73.782540 0.085654
73.782564 0.085629
73.782556 0.085637
73.782573 0.085620
73.782648 0.085545
73.782614 0.085579
73.782597 0.085596
73.782589 0.085604
73.782606 0.085587
73.782631 0.085562
73.782622 0.085571
73.782639 0.085554
73.782680 0.085513
73.782664 0.085529
73.782656 0.085537
73.782672 0.085521
73.782697 0.085496
73.782690 0.085504
73.782706 0.085487
73.782784 0.085409
73.782747 0.085446
73.782730 0.085463
73.782722 0.085471
73.782740 0.085454
73.782765 0.085428
73.782756 0.085437
73.782773 0.085420
73.782834 0.085359
73.782801 0.085392
73.782793 0.085401
73.782809 0.085384
73.783549 0.088091
73.783277 0.088363
73.783006 0.088634
73.782939 0.088701
73.782870 0.088769
73.782906 0.088733
73.782889 0.088751
73.782879 0.088760
73.782898 0.088742
73.782922 0.088717
73.782915 0.088725
73.782931 0.088708
73.782972 0.088668
73.782956 0.088684
73.782947 0.088692
73.782964 0.088676
73.782989 0.088651
73.782981 0.088659
73.782997 0.088643
73.783142 0.088498
73.783076 0.088564
73.783043 0.088596
73.783023 0.088617
73.783015 0.088624
73.783035 0.088605
73.783059 0.088580
73.783052 0.088588
73.783068 0.088571
73.783108 0.088531
73.783092 0.088547
73.783084 0.088555
73.783101 0.088539
73.783126 0.088514
73.783117 0.088523
73.783134 0.088506
73.783209 0.088431
73.783176 0.088464
73.783160 0.088480
73.783151 0.088489
73.783168 0.088471
73.783193 0.088447
73.783184 0.088455
73.783201 0.088439
73.783244 0.088396
73.783227 0.088413
73.783217 0.088422
73.783235 0.088404
73.783260 0.088379
73.783253 0.088387
73.783269 0.088371
73.783412 0.088227
73.783346 0.088294
73.783313 0.088327
73.783296 0.088343
73.783288 0.088352
73.783305 0.088335
73.783330 0.088310
73.783321 0.088318
73.783338 0.088302
73.783380 0.088260
73.783364 0.088276
73.783354 0.088285
73.783372 0.088268
73.783396 0.088243
73.783388 0.088252
73.783405 0.088235
73.783481 0.088159
73.783447 0.088193
73.783430 0.088209
73.783422 0.088218
73.783439 0.088201
73.783464 0.088176
73.783455 0.088184
73.783472 0.088168
73.783514 0.088126
73.783497 0.088142
73.783489 0.088151
73.783505 0.088134
73.783532 0.088107
73.783522 0.088118
73.783541 0.088099
73.783819 0.087821
73.783683 0.087956
73.783617 0.088023
73.783583 0.088057
73.783566 0.088073
73.783558 0.088081
73.783574 0.088065
73.783600 0.088040
73.783591 0.088048
73.783608 0.088031
73.783649 0.087990
73.783633 0.088006
73.783625 0.088015
73.783642 0.087998
73.783667 0.087973
73.783658 0.087981
73.783675 0.087965
73.783751 0.087889
73.783717 0.087922
73.783700 0.087940
73.783692 0.087947
73.783708 0.087931
73.783734 0.087906
73.783726 0.087914
73.783743 0.087897
73.783786 0.087854
73.783767 0.087873
73.783759 0.087881
73.783778 0.087862
73.783802 0.087837
73.783794 0.087845
73.783810 0.087829
73.783886 0.087754
73.783853 0.087786
73.783836 0.087803
73.783828 0.087812
73.783845 0.087794
73.783870 0.087770
73.783861 0.087778
73.783878 0.087761
73.783918 0.087721
73.783894 0.087745
73.784365 0.090684
73.784094 0.090955
73.783956 0.091093
73.783928 0.091121
73.783939 0.091110
73.783947 0.091102
73.784026 0.091023
73.783990 0.091059
73.783973 0.091076
73.783965 0.091084
73.783982 0.091067
73.784006 0.091043
73.783998 0.091051
73.784015 0.091034
73.784058 0.090991
73.784042 0.091007
73.784034 0.091015
73.784051 0.090998
73.784077 0.090972
73.784067 0.090982
73.784086 0.090963
73.784227 0.090822
73.784160 0.090889
73.784127 0.090922
73.784111 0.090938
73.784103 0.090946
73.784119 0.090930
73.784144 0.090905
73.784136 0.090913
73.784152 0.090897
73.784194 0.090855
73.784177 0.090872
73.784169 0.090880
73.784185 0.090864
73.784211 0.090838
73.784203 0.090846
73.784219 0.090830
73.784297 0.090752
73.784260 0.090789
73.784244 0.090805
73.784236 0.090813
73.784253 0.090796
73.784281 0.090768
73.784272 0.090777
73.784289 0.090760
73.784331 0.090718
73.784315 0.090734
73.784305 0.090744
73.784323 0.090726
73.784348 0.090701
73.784340 0.090709
73.784357 0.090692
73.784498 0.090551
73.784433 0.090616
73.784398 0.090651
73.784382 0.090667
73.784374 0.090675
73.784391 0.090658
73.784415 0.090634
73.784407 0.090642
73.784423 0.090626
73.784466 0.090583
73.784449 0.090599
73.784442 0.090607
73.784458 0.090591
73.784482 0.090567
73.784474 0.090574
73.784491 0.090558
73.784637 0.090412
73.784569 0.090480
73.784535 0.090514
73.784518 0.090531
73.784507 0.090542
73.784527 0.090522
73.784553 0.090496
73.784543 0.090506
73.784561 0.090487
73.784603 0.090446
73.784586 0.090463
73.784578 0.090471
73.784595 0.090454
73.784619 0.090430
73.784611 0.090438
73.784628 0.090421
73.785036 0.090012
73.784704 0.090345
73.784671 0.090378
73.784654 0.090395
73.784646 0.090403
73.784662 0.090386
73.784688 0.090361
73.784680 0.090369
73.784696 0.090353
73.784984 0.090065
73.784721 0.090328
73.784713 0.090336
73.784729 0.090320
73.785019 0.090030
73.785009 0.090040
73.785028 0.090021
73.785104 0.089945
73.785072 0.089977
73.785055 0.089994
73.785045 0.090004
73.785064 0.089985
73.785088 0.089961
73.785080 0.089969
73.785096 0.089953
73.785136 0.089913
73.785120 0.089929
73.785112 0.089937
73.785128 0.089921
73.785169 0.089880
73.785152 0.089897
73.785144 0.089905
73.785160 0.089889
73.785202 0.089847
73.785185 0.089864
73.785178 0.089871
73.785194 0.089855
73.785218 0.089831
73.785210 0.089839
73.785234 0.089815
73.785226 0.089823
73.785242 0.089807
73.785798 0.092663
73.785519 0.092942
73.785389 0.093072
73.785454 0.093007
73.785422 0.093039
73.785406 0.093055
73.785397 0.093064
73.785414 0.093047
73.785438 0.093023
73.785430 0.093031
73.785446 0.093015
73.785486 0.092975
73.785470 0.092991
73.785462 0.092999
73.785478 0.092983
73.785502 0.092959
73.785494 0.092967
73.785510 0.092951
73.785669 0.092792
73.785583 0.092878
73.785551 0.092910
73.785535 0.092926
73.785527 0.092934
73.785543 0.092918
73.785567 0.092894
73.785559 0.092902
73.785576 0.092885
73.785636 0.092825
73.785599 0.092862
73.785591 0.092870
73.785610 0.092851
73.785654 0.092807
73.785644 0.092817
73.785662 0.092799
73.785733 0.092728
73.785702 0.092759
73.785685 0.092776
73.785678 0.092783
73.785694 0.092767
73.785717 0.092744
73.785709 0.092752
73.785726 0.092735
73.785766 0.092695
73.785749 0.092712
73.785741 0.092720
73.785757 0.092704
73.785782 0.092679
73.785774 0.092686
73.785791 0.092670
73.786060 0.092401
73.785930 0.092531
73.785863 0.092598
73.785831 0.092630
73.785814 0.092647
73.785806 0.092655
73.785823 0.092638
73.785847 0.092614
73.785839 0.092622
73.785855 0.092606
73.785897 0.092564
73.785881 0.092580
73.785871 0.092590
73.785889 0.092572
73.785913 0.092548
73.785905 0.092556
73.785922 0.092539
73.785995 0.092466
73.785962 0.092499
73.785946 0.092515
73.785938 0.092523
73.785954 0.092507
73.785979 0.092482
73.785970 0.092491
73.785986 0.092474
73.786028 0.092433
73.786011 0.092449
73.786004 0.092457
73.786020 0.092441
73.786044 0.092417
73.786036 0.092425
73.786052 0.092409
73.786196 0.092265
73.786132 0.092329
73.786093 0.092368
73.786076 0.092385
73.786068 0.092393
73.786084 0.092377
73.786113 0.092348
73.786101 0.092360
73.786123 0.092338
73.786164 0.092297
73.786148 0.092313
73.786140 0.092321
73.786156 0.092305
73.786180 0.092281
73.786172 0.092289
73.786189 0.092272
73.786264 0.092197
73.786230 0.092231
73.786212 0.092248
73.786205 0.092256
73.786221 0.092240
73.786247 0.092214
73.786239 0.092222
73.786256 0.092205
73.786297 0.092164
73.786281 0.092180
73.786273 0.092188
73.786290 0.092171
73.786314 0.092147
73.786306 0.092155
73.786322 0.092139
73.787987 0.092902
73.787717 0.093172
73.787581 0.093308
73.787514 0.093375
73.787480 0.093409
73.787463 0.093426
73.787449 0.093440
73.787471 0.093418
73.787497 0.093392
73.787489 0.093400
73.787506 0.093383
73.787548 0.093341
73.787530 0.093359
73.787522 0.093367
73.787539 0.093350
73.787565 0.093324
73.787557 0.093332
73.787573 0.093316
73.787649 0.093240
73.787616 0.093273
73.787597 0.093292
73.787589 0.093300
73.787608 0.093281
73.787633 0.093256
73.787624 0.093265
73.787641 0.093248
73.787684 0.093205
73.787667 0.093222
73.787657 0.093232
73.787676 0.093214
73.787700 0.093189
73.787692 0.093197
73.787709 0.093180
73.787853 0.093036
73.787784 0.093105
73.787750 0.093139
73.787734 0.093155
73.787726 0.093163
73.787742 0.093147
73.787767 0.093122
73.787759 0.093130
73.787776 0.093114
73.787817 0.093072
73.787801 0.093089
73.787793 0.093096
73.787809 0.093080
73.787833 0.093056
73.787826 0.093064
73.787842 0.093047
73.787921 0.092968
73.787886 0.093003
73.787869 0.093020
73.787861 0.093028
73.787878 0.093011
73.787905 0.092984
73.787895 0.092994
73.787913 0.092976
73.787955 0.092934
73.787938 0.092951
73.787930 0.092959
73.787946 0.092943
73.787971 0.092918
73.787963 0.092926
73.787979 0.092910
73.788056 0.092833
73.788022 0.092867
73.788004 0.092885
73.787995 0.092894
73.788012 0.092877
73.788040 0.092849
73.788032 0.092857
73.788048 0.092841
73.788073 0.092816
73.788065 0.092824
73.788089 0.092800
73.788081 0.092808
73.788102 0.092787
73.788562 0.095770
73.788292 0.096041
73.788158 0.096174
73.788122 0.096210
73.788140 0.096193
73.788131 0.096201
73.788149 0.096183
73.788226 0.096107
73.788193 0.096140
73.788176 0.096156
73.788167 0.096166
73.788184 0.096148
73.788209 0.096123
73.788201 0.096132
73.788217 0.096115
73.788258 0.096074
73.788242 0.096091
73.788233 0.096099
73.788249 0.096083
73.788276 0.096057
73.788267 0.096066
73.788283 0.096049
73.788428 0.095905
73.788361 0.095971
73.788325 0.096007
73.788308 0.096024
73.788299 0.096033
73.788317 0.096016
73.788341 0.095991
73.788333 0.095999
73.788353 0.095980
73.788394 0.095938
73.788377 0.095955
73.788369 0.095964
73.788386 0.095946
73.788411 0.095921
73.788403 0.095930
73.788419 0.095913
73.788494 0.095838
73.788461 0.095871
73.788444 0.095888
73.788435 0.095897
73.788452 0.095880
73.788478 0.095854
73.788469 0.095864
73.788486 0.095846
73.788529 0.095803
73.788513 0.095819
73.788504 0.095828
73.788521 0.095811
73.788545 0.095787
73.788537 0.095795
73.788553 0.095779
73.789320 0.095012
73.789056 0.095277
73.788924 0.095408
73.788824 0.095508
73.788790 0.095543
73.788771 0.095561
73.788754 0.095579
73.788781 0.095552
73.788806 0.095527
73.788797 0.095535
73.788816 0.095517
73.788890 0.095442
73.788840 0.095492
73.788832 0.095501
73.788874 0.095458
73.788907 0.095425
73.788899 0.095433
73.788915 0.095417
73.788990 0.095342
73.788956 0.095377
73.788940 0.095392
73.788932 0.095401
73.788948 0.095384
73.788974 0.095358
73.788966 0.095367
73.788982 0.095351
73.789023 0.095309
73.789007 0.095326
73.788998 0.095334
73.789015 0.095318
73.789040 0.095293
73.789031 0.095301
73.789047 0.095285
73.789187 0.095145
73.789123 0.095209
73.789090 0.095243
73.789072 0.095260
73.789064 0.095269
73.789081 0.095252
73.789106 0.095227
73.789098 0.095234
73.789114 0.095219
73.789155 0.095178
73.789139 0.095194
73.789131 0.095202
73.789146 0.095186
73.789171 0.095161
73.789162 0.095170
73.789179 0.095154
73.789254 0.095079
73.789221 0.095111
73.789205 0.095127
73.789197 0.095135
73.789213 0.095119
73.789237 0.095095
73.789230 0.095103
73.789245 0.095087
73.789286 0.095046
73.789270 0.095062
73.789262 0.095070
73.789278 0.095054
73.789303 0.095030
73.789294 0.095038
73.789311 0.095021
73.789385 0.094947
73.789352 0.094980
73.789336 0.094996
73.789328 0.095005
73.789344 0.094989
73.789369 0.094964
73.789360 0.094972
73.789377 0.094955
73.789403 0.094930
73.789394 0.094939
73.789411 0.098346
73.790401 0.097356
73.789854 0.097903
73.789592 0.098165
73.789526 0.098231
73.789461 0.098295
73.789445 0.098311
73.789427 0.098330
73.789436 0.098320
73.789453 0.098304
73.789494 0.098263
73.789477 0.098280
73.789469 0.098287
73.789485 0.098272
73.789509 0.098247
73.789502 0.098255
73.789517 0.098240
73.789559 0.098198
73.789542 0.098215
73.789533 0.098223
73.789551 0.098206
73.789576 0.098181
73.789567 0.098190
73.789583 0.098173
73.789722 0.098035
73.789656 0.098101
73.789624 0.098133
73.789608 0.098149
73.789599 0.098157
73.789616 0.098141
73.789640 0.098117
73.789632 0.098124
73.789648 0.098109
73.789690 0.098067
73.789673 0.098083
73.789665 0.098092
73.789681 0.098076
73.789706 0.098051
73.789697 0.098059
73.789714 0.098043
73.789788 0.097969
73.789754 0.098003
73.789737 0.098019
73.789730 0.098027
73.789745 0.098011
73.789770 0.097987
73.789761 0.097995
73.789780 0.097977
73.789821 0.097935
73.789805 0.097952
73.789796 0.097960
73.789813 0.097944
73.789837 0.097919
73.789830 0.097927
73.789845 0.097911
73.790128 0.097629
73.789992 0.097765
73.789923 0.097834
73.789888 0.097869
73.789871 0.097885
73.789861 0.097895
73.789879 0.097878
73.789906 0.097851
73.789897 0.097859
73.789959 0.097798
73.789942 0.097815
73.789931 0.097826
73.789951 0.097806
73.789976 0.097781
73.789967 0.097790
73.789984 0.097773
73.790060 0.097696
73.790028 0.097729
73.790009 0.097747
73.790001 0.097756
73.790019 0.097738
73.790044 0.097713
73.790035 0.097721
73.790052 0.097705
73.790093 0.097664
73.790077 0.097680
73.790069 0.097688
73.790085 0.097672
73.790111 0.097645
73.790103 0.097654
73.790119 0.097638
73.790267 0.097490
73.790198 0.097558
73.790162 0.097594
73.790146 0.097611
73.790137 0.097620
73.790154 0.097603
73.790179 0.097578
73.790171 0.097586
73.790190 0.097567
73.790231 0.097526
73.790215 0.097542
73.790207 0.097550
73.790223 0.097534
73.790249 0.097508
73.790241 0.097516
73.790258 0.097498
73.790333 0.097423
73.790301 0.097456
73.790284 0.097473
73.790275 0.097482
73.790292 0.097465
73.790317 0.097440
73.790309 0.097448
73.790325 0.097432
73.790366 0.097391
73.790349 0.097407
73.790342 0.097415
73.790358 0.097399
73.790384 0.097372
73.790376 0.097381
73.790393 0.097364
73.790471 0.097286
73.790437 0.097319
73.790418 0.097339
73.790409 0.097348
73.790426 0.097331
73.790454 0.097303
73.790446 0.097311
73.790462 0.097294
73.790487 0.097270
73.790479 0.097278
73.786882 0.104327
73.786611 0.104597
73.786474 0.104734
73.786406 0.104803
73.786372 0.104836
73.786360 0.104848
73.786389 0.104819
73.786381 0.104828
73.786397 0.104811
73.786439 0.104769
73.786423 0.104785
73.786414 0.104794
73.786431 0.104777
73.786456 0.104753
73.786448 0.104760
73.786464 0.104744
73.786541 0.104667
73.786508 0.104701
73.786491 0.104718
73.786482 0.104726
73.786499 0.104709
73.786524 0.104684
73.786516 0.104693
73.786533 0.104676
73.786574 0.104634
73.786557 0.104651
73.786549 0.104659
73.786566 0.104642
73.786592 0.104617
73.786582 0.104626
73.786600 0.104608
73.786745 0.104464
73.786677 0.104532
73.786644 0.104565
73.786627 0.104581
73.786619 0.104589
73.786635 0.104573
73.786660 0.104548
73.786652 0.104556
73.786669 0.104540
73.786712 0.104496
73.786695 0.104514
73.786687 0.104521
73.786704 0.104505
73.786729 0.104480
73.786721 0.104487
73.786737 0.104471
73.786811 0.104397
73.786778 0.104430
73.786761 0.104447
73.786754 0.104455
73.786770 0.104439
73.786794 0.104414
73.786786 0.104422
73.786803 0.104405
73.786846 0.104362
73.786829 0.104380
73.786820 0.104389
73.786837 0.104371
73.786865 0.104343
73.786857 0.104352
73.786873 0.104335
73.787153 0.104056
73.787017 0.104192
73.786951 0.104258
73.786915 0.104293
73.786899 0.104309
73.786891 0.104318
73.786907 0.104301
73.786932 0.104277
73.786923 0.104285
73.786941 0.104267
73.786983 0.104225
73.786967 0.104241
73.786959 0.104249
73.786976 0.104233
73.787000 0.104208
73.786992 0.104216
73.787008 0.104200
73.787084 0.104124
73.787049 0.104159
73.787033 0.104175
73.787025 0.104183
73.787042 0.104167
73.787067 0.104142
73.787057 0.104151
73.787076 0.104132
73.787120 0.104088
73.787103 0.104105
73.787093 0.104116
73.787112 0.104096
73.787136 0.104072
73.787129 0.104080
73.787145 0.104064
73.787286 0.103922
73.787220 0.103988
73.787186 0.104022
73.787169 0.104040
73.787161 0.104047
73.787178 0.104031
73.787203 0.104005
73.787195 0.104013
73.787212 0.103996
73.787254 0.103955
73.787237 0.103971
73.787229 0.103980
73.787245 0.103963
73.787270 0.103939
73.787262 0.103946
73.787278 0.103930
73.787441 0.103767
73.787356 0.103853
73.787320 0.103889
73.787303 0.103905
73.787295 0.103914
73.787312 0.103896
73.787336 0.103872
73.787328 0.103880
73.787347 0.103861
73.787390 0.103818
73.787372 0.103836
73.787365 0.103844
73.787381 0.103827
73.787407 0.103802
73.787399 0.103809
73.787415 0.103793
73.792484 0.102181
73.793050 0.101615
73.792745 0.101920
73.792615 0.102051
73.792550 0.102115
73.792517 0.102148
73.792500 0.102165
73.792492 0.102173
73.792509 0.102156
73.792533 0.102132
73.792526 0.102140
73.792542 0.102123
73.792582 0.102083
73.792566 0.102099
73.792558 0.102107
73.792574 0.102091
73.792599 0.102066
73.792591 0.102074
73.792607 0.102058
73.792680 0.101985
73.792647 0.102018
73.792632 0.102033
73.792623 0.102042
73.792640 0.102026
73.792664 0.102002
73.792656 0.102009
73.792671 0.101994
73.792712 0.101953
73.792695 0.101970
73.792687 0.101978
73.792704 0.101961
73.792728 0.101938
73.792720 0.101945
73.792736 0.101929
73.792911 0.101754
73.792812 0.101853
73.792780 0.101885
73.792761 0.101904
73.792754 0.101911
73.792770 0.101895
73.792796 0.101869
73.792788 0.101877
73.792804 0.101861
73.792845 0.101820
73.792828 0.101837
73.792820 0.101845
73.792837 0.101828
73.792894 0.101771
73.792883 0.101782
73.792903 0.101762
73.792982 0.101683
73.792949 0.101716
73.792928 0.101737
73.792919 0.101746
73.792940 0.101726
73.792966 0.101699
73.792958 0.101707
73.792974 0.101691
73.793018 0.101647
73.792998 0.101667
73.792991 0.101674
73.793009 0.101656
73.793034 0.101631
73.793026 0.101640
73.793042 0.101623
73.793117 0.101548
73.793085 0.101580
73.793068 0.101597
73.793058 0.101607
73.793076 0.101589
73.793101 0.101564
73.793093 0.101572
73.793109 0.101556
73.793135 0.101530
73.793127 0.101539
73.793143 0.105040
73.794149 0.104034
73.793592 0.104591
73.793327 0.104856
73.793263 0.104920
73.793196 0.104987
73.793177 0.105006
73.793160 0.105023
73.793169 0.105015
73.793185 0.104998
73.793229 0.104954
73.793212 0.104971
73.793204 0.104980
73.793220 0.104964
73.793245 0.104938
73.793237 0.104946
73.793255 0.104929
73.793295 0.104889
73.793279 0.104904
73.793271 0.104913
73.793287 0.104896
73.793311 0.104872
73.793303 0.104880
73.793319 0.104865
73.793460 0.104723
73.793393 0.104791
73.793359 0.104824
73.793343 0.104841
73.793335 0.104848
73.793351 0.104833
73.793377 0.104806
73.793369 0.104815
73.793385 0.104798
73.793426 0.104758
73.793409 0.104774
73.793401 0.104782
73.793417 0.104766
73.793444 0.104739
73.793436 0.104747
73.793452 0.104731
73.793527 0.104657
73.793494 0.104689
73.793476 0.104708
73.793468 0.104716
73.793485 0.104698
73.793510 0.104673
73.793503 0.104681
73.793518 0.104665
73.793559 0.104624
73.793543 0.104641
73.793535 0.104648
73.793551 0.104632
73.793576 0.104607
73.793567 0.104616
73.793584 0.104599
73.793884 0.104299
73.793752 0.104431
73.793685 0.104498
73.793609 0.104574
73.793602 0.104582
73.793626 0.104557
73.793618 0.104566
73.793634 0.104549
73.793642 0.104541
73.793720 0.104464
73.793702 0.104481
73.793694 0.104490
73.793710 0.104473
73.793736 0.104447
73.793728 0.104455
73.793744 0.104439
73.793819 0.104365
73.793786 0.104397
73.793770 0.104413
73.793761 0.104422
73.793779 0.104405
73.793803 0.104381
73.793794 0.104389
73.793810 0.104373
73.793852 0.104331
73.793836 0.104347
73.793827 0.104357
73.793844 0.104339
73.793868 0.104315
73.793860 0.104323
73.793876 0.104307
73.794018 0.104165
73.793953 0.104230
73.793920 0.104263
73.793901 0.104282
73.793893 0.104291
73.793909 0.104274
73.793936 0.104247
73.793929 0.104255
73.793944 0.104239
73.793986 0.104197
73.793969 0.104214
73.793961 0.104222
73.793978 0.104206
73.794002 0.104181
73.793994 0.104189
73.794010 0.104173
73.794085 0.104098
73.794052 0.104132
73.794035 0.104148
73.794027 0.104157
73.794043 0.104141
73.794069 0.104115
73.794059 0.104124
73.794077 0.104106
73.794118 0.104066
73.794102 0.104082
73.794093 0.104090
73.794109 0.104074
73.794134 0.104049
73.794126 0.104058
73.794142 0.104042
73.794186 0.103997
73.794169 0.104015
73.794160 0.104023
73.794177 0.104006
73.794202 0.103981
73.794194 0.103989
73.794210 0.103973
73.795932 0.109292
73.795676 0.109548
73.795548 0.109676
73.795477 0.109747
73.795515 0.109709
73.795499 0.109725
73.795490 0.109734
73.795507 0.109717
73.795530 0.109694
73.795522 0.109702
73.795538 0.109686
73.795611 0.109613
73.795580 0.109644
73.795564 0.109660
73.795556 0.109668
73.795572 0.109652
73.795595 0.109629
73.795587 0.109636
73.795603 0.109621
73.795643 0.109581
73.795628 0.109596
73.795619 0.109605
73.795635 0.109589
73.795660 0.109564
73.795652 0.109572
73.795668 0.109556
73.795803 0.109421
73.795739 0.109485
73.795707 0.109517
73.795692 0.109532
73.795684 0.109540
73.795699 0.109524
73.795723 0.109501
73.795715 0.109509
73.795731 0.109493
73.795772 0.109452
73.795755 0.109469
73.795746 0.109478
73.795762 0.109461
73.795787 0.109436
73.795780 0.109444
73.795795 0.109429
73.795867 0.109357
73.795835 0.109389
73.795819 0.109405
73.795811 0.109413
73.795827 0.109397
73.795851 0.109373
73.795843 0.109381
73.795859 0.109365
73.795901 0.109323
73.795885 0.109339
73.795875 0.109349
73.795893 0.109331
73.795916 0.109308
73.795908 0.109316
73.795924 0.109300
73.796456 0.108768
73.796202 0.109022
73.796075 0.109149
73.796011 0.109213
73.795979 0.109245
73.795947 0.109277
73.795940 0.109284
73.795955 0.109269
73.795995 0.109229
73.795986 0.109238
73.796003 0.109221
73.796043 0.109181
73.796027 0.109197
73.796019 0.109205
73.796034 0.109190
73.796058 0.109166
73.796051 0.109173
73.796067 0.109157
73.796140 0.109084
73.796108 0.109116
73.796090 0.109134
73.796083 0.109141
73.796099 0.109125
73.796123 0.109101
73.796116 0.109108
73.796132 0.109092
73.796171 0.109053
73.796155 0.109069
73.796147 0.109077
73.796163 0.109061
73.796186 0.109037
73.796179 0.109045
73.796194 0.109030
73.796329 0.108895
73.796265 0.108959
73.796234 0.108990
73.796218 0.109006
73.796210 0.109014
73.796226 0.108998
73.796249 0.108974
73.796242 0.108982
73.796257 0.108967
73.796296 0.108928
73.796281 0.108943
73.796273 0.108951
73.796289 0.108935
73.796312 0.108912
73.796304 0.108920
73.796320 0.108904
73.796393 0.108831
73.796360 0.108864
73.796345 0.108879
73.796337 0.108887
73.796353 0.108871
73.796377 0.108847
73.796368 0.108856
73.796384 0.108840
73.796423 0.108801
73.796408 0.108816
73.796401 0.108823
73.796416 0.108808
73.796440 0.108784
73.796431 0.108793
73.796448 0.108776
73.796488 0.108736
73.796472 0.108752
73.796464 0.108760
73.796480 0.108744
73.796496 0.108728
73.797024 0.111464
73.797554 0.110934
73.797290 0.111198
73.797159 0.111329
73.797089 0.111399
73.797056 0.111432
73.797040 0.111448
73.797032 0.111456
73.797047 0.111441
73.797073 0.111415
73.797065 0.111423
73.797081 0.111407
73.797126 0.111363
73.797106 0.111382
73.797098 0.111390
73.797115 0.111373
73.797142 0.111346
73.797133 0.111355
73.797151 0.111338
73.797224 0.111264
73.797192 0.111296
73.797176 0.111312
73.797167 0.111321
73.797184 0.111304
73.797208 0.111280
73.797200 0.111288
73.797216 0.111272
73.797256 0.111232
73.797240 0.111248
73.797232 0.111256
73.797248 0.111240
73.797272 0.111216
73.797264 0.111224
73.797280 0.111208
73.797422 0.111066
73.797354 0.111134
73.797322 0.111166
73.797306 0.111182
73.797297 0.111191
73.797314 0.111174
73.797337 0.111151
73.797330 0.111158
73.797345 0.111143
73.797389 0.111099
73.797372 0.111116
73.797364 0.111124
73.797381 0.111107
73.797406 0.111082
73.797396 0.111092
73.797414 0.111074
73.797487 0.111001
73.797454 0.111034
73.797438 0.111050
73.797430 0.111058
73.797446 0.111042
73.797470 0.111018
73.797462 0.111026
73.797479 0.111009
73.797521 0.110967
73.797504 0.110984
73.797495 0.110993
73.797511 0.110977
73.797537 0.110951
73.797529 0.110959
73.797546 0.110942
73.797586 0.110902
73.797570 0.110918
73.797562 0.110926
73.797579 0.110909
73.797595 0.110893
73.797606 0.112863
73.797823 0.112645
73.797693 0.112776
73.797660 0.112808
73.797627 0.112842
73.797618 0.112851
73.797644 0.112824
73.797634 0.112834
73.797652 0.112817
73.797676 0.112793
73.797668 0.112801
73.797684 0.112784
73.797758 0.112711
73.797724 0.112744
73.797709 0.112760
73.797701 0.112768
73.797717 0.112752
73.797741 0.112728
73.797732 0.112736
73.797748 0.112720
73.797791 0.112678
73.797774 0.112695
73.797766 0.112703
73.797782 0.112686
73.797807 0.112662
73.797799 0.112670
73.797816 0.112653
73.797956 0.112513
73.797892 0.112577
73.797858 0.112610
73.797840 0.112629
73.797832 0.112637
73.797851 0.112618
73.797876 0.112593
73.797866 0.112603
73.797883 0.112585
73.797924 0.112545
73.797908 0.112561
73.797899 0.112569
73.797916 0.112553
73.797940 0.112529
73.797932 0.112537
73.797948 0.112520
73.798090 0.112379
73.798023 0.112446
73.797990 0.112479
73.797972 0.112496
73.797965 0.112504
73.797981 0.112488
73.798007 0.112462
73.797998 0.112470
73.798015 0.112454
73.798054 0.112415
73.798039 0.112430
73.798031 0.112438
73.798046 0.112422
73.798070 0.112398
73.798062 0.112406
73.798079 0.112390
73.798155 0.112314
73.798123 0.112346
73.798098 0.112371
73.798139 0.112330
73.798131 0.112338
73.798147 0.112322
73.798186 0.112282
73.798171 0.112298
73.798163 0.112306
73.798179 0.112290
73.798222 0.112246
73.798203 0.112266
73.798195 0.112274
73.798211 0.112258
73.798239 0.112230
73.798230 0.112239
73.798254 0.112215
73.798246 0.112222
73.798262 0.112206
73.798270 0.112198
73.798943 0.115217
73.798506 0.115654
73.798376 0.115784
73.798306 0.115854
73.798343 0.115817
73.798322 0.115837
73.798314 0.115846
73.798330 0.115830
73.798359 0.115801
73.798352 0.115808
73.798368 0.115792
73.798440 0.115720
73.798408 0.115752
73.798392 0.115768
73.798383 0.115777
73.798399 0.115760
73.798423 0.115736
73.798416 0.115744
73.798432 0.115728
73.798472 0.115687
73.798457 0.115703
73.798447 0.115712
73.798465 0.115695
73.798490 0.115670
73.798482 0.115678
73.798498 0.115661
73.798816 0.115344
73.798572 0.115587
73.798539 0.115621
73.798522 0.115638
73.798514 0.115646
73.798530 0.115630
73.798555 0.115605
73.798547 0.115613
73.798564 0.115596
73.798783 0.115377
73.798591 0.115569
73.798583 0.115577
73.798770 0.115390
73.798800 0.115360
73.798792 0.115368
73.798808 0.115352
73.798881 0.115279
73.798847 0.115313
73.798831 0.115329
73.798823 0.115336
73.798839 0.115321
73.798865 0.115295
73.798855 0.115305
73.798873 0.115287
73.798911 0.115248
73.798896 0.115264
73.798889 0.115271
73.798904 0.115256
73.798927 0.115233
73.798919 0.115241
73.798935 0.115225
73.799243 0.114917
73.799069 0.115091
73.799006 0.115154
73.798975 0.115185
73.798958 0.115202
73.798951 0.115209
73.798966 0.115194
73.798991 0.115169
73.798983 0.115177
73.798998 0.115161
73.799037 0.115122
73.799022 0.115138
73.799014 0.115146
73.799029 0.115131
73.799053 0.115107
73.799045 0.115115
73.799061 0.115099
73.799133 0.115027
73.799102 0.115058
73.799086 0.115074
73.799077 0.115083
73.799094 0.115066
73.799117 0.115043
73.799109 0.115051
73.799125 0.115035
73.799164 0.114996
73.799148 0.115011
73.799141 0.115019
73.799156 0.115004
73.799180 0.114980
73.799172 0.114988
73.799196 0.114964
73.799188 0.114972
73.799204 0.114956
73.799370 0.114790
73.799307 0.114853
73.799275 0.114885
73.799259 0.114901
73.799252 0.114908
73.799267 0.114893
73.799291 0.114869
73.799283 0.114877
73.799298 0.114861
73.799339 0.114821
73.799323 0.114837
73.799315 0.114845
73.799331 0.114829
73.799354 0.114806
73.799346 0.114814
73.799362 0.114798
73.799433 0.114727
73.799401 0.114759
73.799385 0.114774
73.799378 0.114782
73.799393 0.114767
73.799418 0.114742
73.799409 0.114751
73.799426 0.114734
73.799465 0.114695
73.799449 0.114711
73.799441 0.114719
73.799457 0.114703
73.799481 0.114679
73.799473 0.114687
73.799503 0.118460
73.799489 0.118474
73.800025 0.117938
73.799761 0.118202
73.799632 0.118331
73.799568 0.118395
73.799536 0.118427
73.799519 0.118444
73.799511 0.118452
73.799527 0.118436
73.799552 0.118410
73.799544 0.118419
73.799560 0.118403
73.799601 0.118362
73.799583 0.118379
73.799576 0.118387
73.799593 0.118370
73.799616 0.118346
73.799608 0.118354
73.799624 0.118339
73.799695 0.118267
73.799664 0.118298
73.799648 0.118314
73.799640 0.118323
73.799656 0.118306
73.799680 0.118283
73.799672 0.118291
73.799687 0.118275
73.799728 0.118235
73.799711 0.118251
73.799703 0.118259
73.799720 0.118243
73.799744 0.118219
73.799736 0.118227
73.799752 0.118211
73.799892 0.118071
73.799826 0.118137
73.799793 0.118169
73.799778 0.118185
73.799770 0.118193
73.799785 0.118177
73.799809 0.118153
73.799802 0.118161
73.799818 0.118145
73.799858 0.118104
73.799842 0.118121
73.799834 0.118129
73.799850 0.118112
73.799875 0.118087
73.799866 0.118096
73.799883 0.118079
73.799959 0.118004
73.799927 0.118036
73.799907 0.118055
73.799899 0.118063
73.799916 0.118047
73.799943 0.118019
73.799935 0.118028
73.799951 0.118011
73.799993 0.117969
73.799975 0.117987
73.799967 0.117995
73.799983 0.117979
73.800009 0.117954
73.800001 0.117961
73.800017 0.117946
73.800291 0.117672
73.800156 0.117806
73.800090 0.117872
73.800057 0.117906
73.800041 0.117922
73.800033 0.117930
73.800048 0.117914
73.800073 0.117890
73.800065 0.117897
73.800082 0.117881
73.800124 0.117838
73.800107 0.117855
73.800098 0.117865
73.800117 0.117846
73.800140 0.117822
73.800132 0.117830
73.800148 0.117814
73.800224 0.117739
73.800191 0.117772
73.800175 0.117788
73.800167 0.117796
73.800183 0.117780
73.800207 0.117756
73.800198 0.117764
73.800215 0.117747
73.800240 0.117722
73.800232 0.117730
73.800249 0.117714
73.800423 0.117540
73.800356 0.117607
73.800323 0.117640
73.800307 0.117656
73.800299 0.117664
73.800315 0.117648
73.800340 0.117623
73.800331 0.117632
73.800348 0.117615
73.800389 0.117574
73.800372 0.117591
73.800364 0.117598
73.800381 0.117582
73.800407 0.117556
73.800397 0.117566
73.800415 0.117547
73.800489 0.117473
73.800456 0.117506
73.800440 0.117523
73.800431 0.117531
73.800448 0.117515
73.800473 0.117490
73.800465 0.117498
73.800481 0.117481
73.800521 0.117441
73.800505 0.117457
73.800497 0.117466
73.800514 0.117449
73.800538 0.117424
73.800530 0.117432
73.801667 0.123039
73.801650 0.123056
73.802190 0.122517
73.801931 0.122776
73.801799 0.122907
73.801733 0.122973
73.801701 0.123005
73.801684 0.123022
73.801676 0.123030
73.801692 0.123015
73.801717 0.122989
73.801709 0.122997
73.801725 0.122981
73.801766 0.122941
73.801749 0.122957
73.801741 0.122965
73.801757 0.122949
73.801783 0.122923
73.801773 0.122933
73.801791 0.122915
73.801863 0.122843
73.801831 0.122875
73.801816 0.122891
73.801808 0.122898
73.801823 0.122883
73.801847 0.122859
73.801840 0.122867
73.801855 0.122851
73.801896 0.122810
73.801879 0.122827
73.801871 0.122835
73.801887 0.122819
73.801915 0.122792
73.801907 0.122799
73.801923 0.122783
73.802059 0.122647
73.801994 0.122713
73.801962 0.122744
73.801946 0.122760
73.801939 0.122768
73.801954 0.122752
73.801978 0.122728
73.801970 0.122736
73.801986 0.122720
73.802028 0.122679
73.802011 0.122695
73.802002 0.122704
73.802019 0.122687
73.802043 0.122663
73.802035 0.122671
73.802051 0.122655
73.802122 0.122584
73.802090 0.122616
73.802074 0.122632
73.802067 0.122640
73.802082 0.122624
73.802106 0.122601
73.802098 0.122608
73.802114 0.122592
73.802157 0.122549
73.802139 0.122568
73.802131 0.122576
73.802149 0.122557
73.802173 0.122533
73.802165 0.122541
73.802181 0.122525
73.802651 0.122056
73.802318 0.122389
73.802254 0.122453
73.802221 0.122485
73.802206 0.122501
73.802198 0.122508
73.802214 0.122493
73.802238 0.122468
73.802229 0.122477
73.802246 0.122460
73.802286 0.122420
73.802269 0.122437
73.802262 0.122444
73.802278 0.122428
73.802302 0.122405
73.802294 0.122412
73.802309 0.122397
73.802385 0.122321
73.802350 0.122356
73.802333 0.122373
73.802326 0.122381
73.802341 0.122365
73.802366 0.122341
73.802358 0.122348
73.802375 0.122331
73.802434 0.122272
73.802401 0.122305
73.802393 0.122313
73.802410 0.122296
73.802451 0.122256
73.802442 0.122264
73.802458 0.122248
73.802788 0.121918
73.802723 0.121983
73.802692 0.122014
73.802676 0.122030
73.802667 0.122040
73.802684 0.122022
73.802708 0.121998
73.802700 0.122006
73.802716 0.121991
73.802755 0.121952
73.802739 0.121967
73.802731 0.121975
73.802747 0.121959
73.802772 0.121934
73.802762 0.121944
73.802780 0.121926
73.802851 0.121856
73.802819 0.121887
73.802804 0.121903
73.802796 0.121910
73.802811 0.121895
73.802834 0.121872
73.802827 0.121880
73.802843 0.121864
73.802883 0.121823
73.802866 0.121840
73.802858 0.121848
73.802874 0.121832
73.803962 0.127612
73.803930 0.127644
73.803919 0.127655
73.803946 0.127628
73.803938 0.127636
73.803954 0.127620
73.804492 0.127082
73.804225 0.127349
73.804095 0.127479
73.804031 0.127543
73.803994 0.127580
73.803978 0.127596
73.803970 0.127604
73.803986 0.127588
73.804014 0.127560
73.804004 0.127570
73.804022 0.127552
73.804063 0.127511
73.804047 0.127527
73.804039 0.127535
73.804055 0.127519
73.804079 0.127495
73.804071 0.127503
73.804087 0.127486
73.804161 0.127413
73.804128 0.127446
73.804111 0.127463
73.804104 0.127470
73.804119 0.127455
73.804144 0.127430
73.804136 0.127438
73.804153 0.127421
73.804193 0.127381
73.804177 0.127397
73.804169 0.127405
73.804185 0.127389
73.804209 0.127365
73.804201 0.127373
73.804217 0.127357
73.804359 0.127215
73.804295 0.127279
73.804260 0.127314
73.804244 0.127330
73.804233 0.127341
73.804252 0.127322
73.804278 0.127296
73.804269 0.127305
73.804286 0.127287
73.804327 0.127247
73.804310 0.127264
73.804303 0.127271
73.804319 0.127255
73.804343 0.127231
73.804335 0.127239
73.804351 0.127223
73.804424 0.127149
73.804392 0.127182
73.804376 0.127198
73.804368 0.127206
73.804383 0.127191
73.804408 0.127166
73.804400 0.127174
73.804417 0.127157
73.804457 0.127117
73.804441 0.127133
73.804433 0.127141
73.804449 0.127125
73.804473 0.127101
73.804465 0.127109
73.804484 0.127090
73.804754 0.126820
73.804622 0.126952
73.804557 0.127017
73.804524 0.127050
73.804508 0.127066
73.804500 0.127074
73.804516 0.127058
73.804540 0.127034
73.804532 0.127042
73.804548 0.127026
73.804590 0.126984
73.804573 0.127001
73.804565 0.127009
73.804581 0.126993
73.804606 0.126968
73.804598 0.126976
73.804615 0.126959
73.804654 0.126920
73.804638 0.126936
73.804630 0.126944
73.804646 0.126928
73.804670 0.126904
73.804662 0.126912
73.804679 0.126895
73.804921 0.126653
73.804820 0.126754
73.804786 0.126787
73.804771 0.126803
73.804762 0.126811
73.804779 0.126795
73.804803 0.126771
73.804795 0.126779
73.804811 0.126763
73.804881 0.126693
73.804836 0.126738
73.804828 0.126746
73.804844 0.126730
73.804905 0.126669
73.804896 0.126678
73.804913 0.126661
73.804990 0.126584
73.804953 0.126621
73.804937 0.126637
73.804929 0.126645
73.804945 0.126629
73.804972 0.126602
73.804961 0.126612
73.804982 0.126592
73.805010 0.126564
73.805002 0.126572
73.806196 0.132219
73.806106 0.132310
73.806069 0.132346
73.806090 0.132326
73.806081 0.132334
73.806098 0.132318
73.806121 0.132294
73.806114 0.132302
73.806137 0.132279
73.806129 0.132286
73.806147 0.132269
73.806155 0.132261
73.806723 0.131693
73.806460 0.131955
73.806328 0.132087
73.806264 0.132152
73.806231 0.132185
73.806212 0.132203
73.806204 0.132211
73.806223 0.132193
73.806246 0.132169
73.806239 0.132177
73.806254 0.132161
73.806296 0.132120
73.806280 0.132136
73.806272 0.132144
73.806288 0.132128
73.806311 0.132104
73.806304 0.132112
73.806320 0.132095
73.806394 0.132021
73.806360 0.132056
73.806344 0.132071
73.806336 0.132080
73.806352 0.132064
73.806377 0.132039
73.806368 0.132048
73.806386 0.132030
73.806426 0.131990
73.806410 0.132006
73.806402 0.132014
73.806418 0.131998
73.806442 0.131973
73.806434 0.131982
73.806451 0.131965
73.806590 0.131826
73.806526 0.131890
73.806494 0.131921
73.806477 0.131939
73.806469 0.131947
73.806485 0.131931
73.806510 0.131906
73.806502 0.131914
73.806518 0.131897
73.806558 0.131858
73.806542 0.131873
73.806534 0.131882
73.806550 0.131866
73.806573 0.131842
73.806566 0.131850
73.806582 0.131834
73.806654 0.131761
73.806623 0.131793
73.806607 0.131809
73.806597 0.131818
73.806615 0.131801
73.806639 0.131777
73.806631 0.131785
73.806646 0.131769
73.806686 0.131729
73.806670 0.131745
73.806662 0.131754
73.806678 0.131738
73.806705 0.131711
73.806695 0.131721
73.806713 0.131703
73.806985 0.131431
73.806853 0.131563
73.806787 0.131629
73.806755 0.131660
73.806739 0.131677
73.806731 0.131685
73.806747 0.131668
73.806771 0.131645
73.806763 0.131653
73.806779 0.131637
73.806819 0.131597
73.806803 0.131612
73.806795 0.131621
73.806811 0.131605
73.806836 0.131580
73.806827 0.131589
73.806844 0.131571
73.806916 0.131499
73.806884 0.131531
73.806868 0.131547
73.806860 0.131555
73.806877 0.131539
73.806901 0.131515
73.806893 0.131523
73.806908 0.131507
73.806953 0.131463
73.806932 0.131483
73.806924 0.131492
73.806943 0.131473
73.806968 0.131447
73.806960 0.131455
73.806977 0.131439
73.807115 0.131301
73.807048 0.131367
73.807017 0.131399
73.807001 0.131415
73.806993 0.131423
73.807009 0.131407
73.807033 0.131383
73.807025 0.131391
73.807041 0.131375
73.807083 0.131333
73.807067 0.131349
73.807056 0.131359
73.807075 0.131341
73.807098 0.131317
73.807091 0.131325
73.807107 0.131309
73.807123 0.134742
73.808680 0.133186
73.808407 0.133458
73.808272 0.133594
73.808141 0.133725
73.808073 0.133793
73.808033 0.133833
73.808009 0.133856
73.808024 0.133841
73.808049 0.133816
73.808042 0.133824
73.808061 0.133805
73.808090 0.133776
73.808082 0.133784
73.808098 0.133767
73.808207 0.133659
73.808173 0.133692
73.808157 0.133709
73.808148 0.133717
73.808165 0.133701
73.808191 0.133675
73.808181 0.133684
73.808199 0.133667
73.808239 0.133627
73.808222 0.133643
73.808215 0.133651
73.808231 0.133635
73.808255 0.133610
73.808247 0.133619
73.808264 0.133602
73.808342 0.133523
73.808310 0.133556
73.808289 0.133577
73.808280 0.133585
73.808297 0.133568
73.808326 0.133540
73.808318 0.133547
73.808334 0.133531
73.808374 0.133491
73.808359 0.133507
73.808351 0.133515
73.808367 0.133499
73.808390 0.133476
73.808382 0.133483
73.808399 0.133467
73.808541 0.133325
73.808473 0.133392
73.808441 0.133424
73.808425 0.133441
73.808416 0.133450
73.808433 0.133433
73.808458 0.133408
73.808449 0.133417
73.808466 0.133400
73.808506 0.133359
73.808490 0.133376
73.808482 0.133384
73.808498 0.133368
73.808522 0.133344
73.808514 0.133352
73.808531 0.133335
73.808610 0.133256
73.808577 0.133289
73.808560 0.133306
73.808552 0.133314
73.808568 0.133298
73.808593 0.133272
73.808585 0.133281
73.808602 0.133264
73.808643 0.133223
73.808626 0.133240
73.808618 0.133247
73.808634 0.133231
73.808662 0.133204
73.808653 0.133213
73.808671 0.133194
73.808979 0.132886
73.808814 0.133052
73.808745 0.133121
73.808712 0.133153
73.808696 0.133170
73.808687 0.133178
73.808704 0.133161
73.808729 0.133137
73.808720 0.133145
73.808736 0.133129
73.808779 0.133087
73.808761 0.133104
73.808753 0.133112
73.808769 0.133096
73.808795 0.133071
73.808787 0.133079
73.808806 0.133059
73.808912 0.132954
73.808846 0.133019
73.808830 0.133035
73.808822 0.133043
73.808839 0.133027
73.808895 0.132971
73.808883 0.132982
73.808904 0.132962
73.808946 0.132919
73.808930 0.132935
73.808920 0.132946
73.808939 0.132927
73.808962 0.132903
73.808955 0.132911
73.808971 0.132895
73.809114 0.132752
73.809045 0.132821
73.809011 0.132854
73.808995 0.132870
73.808987 0.132878
73.809004 0.132862
73.809028 0.132838
73.809020 0.132846
73.809035 0.132830
73.809080 0.132785
73.809061 0.132805
73.809053 0.132812
73.809069 0.132796
73.809096 0.132769
73.809089 0.132777
73.809105 0.132760
73.809544 0.135852
73.809273 0.136123
73.809190 0.136207
73.809122 0.136274
73.809155 0.136241
73.809139 0.136258
73.809147 0.136249
73.809173 0.136223
73.809163 0.136233
73.809181 0.136215
73.809240 0.136157
73.809207 0.136190
73.809198 0.136198
73.809215 0.136181
73.809257 0.136140
73.809248 0.136148
73.809265 0.136132
73.809412 0.135984
73.809344 0.136053
73.809308 0.136088
73.809292 0.136105
73.809281 0.136115
73.809301 0.136096
73.809324 0.136072
73.809317 0.136080
73.809335 0.136061
73.809376 0.136020
73.809360 0.136036
73.809352 0.136044
73.809368 0.136028
73.809395 0.136002
73.809385 0.136011
73.809403 0.135993
73.809478 0.135919
73.809445 0.135952
73.809429 0.135968
73.809421 0.135976
73.809437 0.135959
73.809461 0.135935
73.809453 0.135943
73.809469 0.135927
73.809510 0.135886
73.809494 0.135903
73.809486 0.135910
73.809502 0.135894
73.809528 0.135868
73.809519 0.135878
73.809536 0.135860
73.809678 0.135719
73.809611 0.135785
73.809579 0.135817
73.809560 0.135836
73.809553 0.135844
73.809569 0.135828
73.809595 0.135801
73.809587 0.135809
73.809604 0.135793
73.809644 0.135752
73.809628 0.135769
73.809620 0.135777
73.809635 0.135761
73.809661 0.135735
73.809653 0.135743
73.809669 0.135727
73.809810 0.135586
73.809743 0.135654
73.809710 0.135686
73.809694 0.135703
73.809686 0.135710
73.809702 0.135694
73.809726 0.135670
73.809718 0.135678
73.809734 0.135662
73.809777 0.135620
73.809760 0.135636
73.809751 0.135646
73.809768 0.135628
73.809794 0.135603
73.809785 0.135611
73.809802 0.135594
73.809879 0.135518
73.809845 0.135552
73.809829 0.135568
73.809821 0.135576
73.809837 0.135559
73.809861 0.135535
73.809853 0.135543
73.809869 0.135527
73.809945 0.135452
73.809911 0.135485
73.809895 0.135501
73.809887 0.135509
73.809904 0.135493
73.809928 0.135468
73.809920 0.135476
73.809936 0.135460
73.810011 0.135385
73.809977 0.135419
73.809961 0.135435
73.809953 0.135444
73.809969 0.135427
73.809995 0.135402
73.809985 0.135411
73.810003 0.135393
73.810043 0.135353
73.810027 0.135369
73.810019 0.135377
73.810035 0.135361
73.810062 0.135334
73.810052 0.135345
73.810079 0.135317
73.810071 0.135325
73.810089 0.135308
75.216231 0.000978
75.217347 0.000881
75.304696 0.008030
75.304747 0.008054
75.304758 0.008049
75.304779 0.008037
75.304789 0.009234
75.305572 0.008450
75.335743 0.000287
75.338728 0.000278
75.461846 0.001185
75.462698 0.002454
75.465332 0.000276
75.467200 0.000295
75.513975 0.000344
75.514498 0.000257
75.515492 0.000261
75.515840 0.000256
75.535777 0.000281
75.538380 0.000421
75.538891 0.000236
75.540808 0.000243
75.572795 0.000126
75.573082 0.000039
75.584471 0.000114
75.584694 0.000039
75.594560 0.000081
75.594731 0.000035
75.600552 0.005308
75.605983 0.000060
75.609210 0.000104
75.609414 0.000602
75.611435 0.000091
75.611618 0.000036
75.640515 0.000208
75.673144 0.000301
75.675563 0.000156
75.675877 0.000046
75.752269 0.000321
76.483313 0.002878
80.797421 0.005482
80.857144 0.003132
80.912891 0.003098
81.603515 0.001448
81.603236 0.001727
81.604214 0.000749
81.603967 0.000996
81.604380 0.000583
