0.000061 0.000982
0.002717 0.003095
0.002521 0.003291
0.002308 0.003504
0.002196 0.003616
0.002129 0.003683
0.002062 0.003750
0.002168 0.003644
0.002251 0.003561
0.002223 0.003589
0.002281 0.003531
0.002444 0.003368
0.002390 0.003422
0.002362 0.003450
0.002417 0.003395
0.002494 0.003318
0.002471 0.003341
0.002508 0.003304
0.002624 0.003188
0.002569 0.003243
0.002546 0.003266
0.002534 0.003278
0.002557 0.003255
0.002591 0.003221
0.002580 0.003232
0.002613 0.003199
0.002673 0.003139
0.002646 0.003166
0.002635 0.003177
0.002656 0.003156
0.002695 0.003117
0.002684 0.003128
0.002706 0.003106
0.003087 0.002725
0.002898 0.002914
0.002804 0.003008
0.002760 0.003052
0.002739 0.003073
0.002728 0.003084
0.002749 0.003063
0.002782 0.003030
0.002771 0.003041
0.002792 0.003020
0.002853 0.002959
0.002831 0.002981
0.002814 0.002998
0.002842 0.002970
0.002876 0.002936
0.002865 0.002947
0.002887 0.002925
0.003000 0.002812
0.002941 0.002871
0.002920 0.002892
0.002909 0.002903
0.002930 0.002882
0.002972 0.002840
0.002952 0.002860
0.002983 0.002829
0.003043 0.002769
0.003022 0.002790
0.003010 0.002802
0.003032 0.002780
0.003065 0.002747
0.003054 0.002758
0.003076 0.002736
0.003280 0.002532
0.003193 0.002619
0.003130 0.002682
0.003109 0.002703
0.003098 0.002714
0.003119 0.002693
0.003171 0.002641
0.003154 0.002658
0.003182 0.002630
0.003236 0.002576
0.003214 0.002598
0.003203 0.002609
0.003225 0.002587
0.003258 0.002554
0.003247 0.002565
0.003269 0.002543
0.003468 0.002344
0.003381 0.002431
0.003329 0.002483
0.003302 0.002510
0.003291 0.002521
0.003312 0.002499
0.003359 0.002453
0.003348 0.002464
0.003370 0.002442
0.003423 0.002389
0.003402 0.002410
0.003391 0.002421
0.003413 0.002399
0.003446 0.002366
0.003435 0.002377
0.003456 0.002356
0.003558 0.002254
0.003517 0.002295
0.003495 0.002317
0.003479 0.002333
0.003506 0.002306
0.003539 0.002273
0.003528 0.002284
0.003548 0.002264
0.003649 0.002162
0.003597 0.002215
0.003579 0.002233
0.003568 0.002244
0.003588 0.002224
0.003616 0.002196
0.003606 0.002206
0.003624 0.002188
0.003728 0.002084
0.003694 0.002118
0.003669 0.002143
0.003660 0.002152
0.003677 0.002135
0.003711 0.002101
0.003702 0.002110
0.003719 0.002093
0.003762 0.002050
0.003745 0.002067
0.003736 0.002076
0.003754 0.002058
0.003783 0.002029
0.003770 0.002042
0.003799 0.002012
0.003791 0.002021
0.003829 0.002129
0.003815 0.002143
0.003837 0.002121
0.006614 0.000175
0.006895 0.000092
0.007035 0.000087
0.007168 0.000090
0.007303 0.000143
0.007492 0.000091
0.007637 0.000089
0.007778 0.000095
0.007926 0.000143
0.008122 0.000088
0.008258 0.000103
0.008414 0.000089
0.008555 0.000127
0.008728 0.000086
0.008867 0.000090
0.009003 0.000088
0.009137 0.000138
0.009320 0.000090
0.009456 0.000087
0.009589 0.000089
0.009723 0.000142
0.009911 0.000087
0.010051 0.000091
0.010186 0.000090
0.010321 0.000126
0.010493 0.000085
0.010623 0.000091
0.010759 0.000090
0.010894 0.000127
0.011065 0.000087
0.011196 0.000091
0.011331 0.000090
0.011467 0.000144
0.011656 0.000090
0.011791 0.000089
0.011930 0.000085
0.012083 0.000144
0.012275 0.000092
0.012415 0.000087
0.012548 0.000086
0.012682 0.000125
0.012853 0.000092
0.012993 0.000090
0.013128 0.000089
0.013263 0.000124
0.013439 0.000089
0.013585 0.000085
0.013725 0.000091
0.013882 0.000147
0.014085 0.000084
0.014214 0.000113
0.014388 0.000089
0.014523 0.000139
0.014710 0.000086
0.014844 0.000089
0.014979 0.000089
0.015114 0.000124
0.015284 0.000085
0.015416 0.000088
0.015551 0.000089
0.015685 0.000126
0.015858 0.000092
0.015997 0.000132
0.016176 0.000091
0.016311 0.000144
0.016506 0.000087
0.016636 0.000091
0.016771 0.000082
0.016899 0.000144
0.017088 0.000085
0.017217 0.000091
0.017351 0.000092
0.017486 0.000127
0.017657 0.000089
0.017791 0.000090
0.017924 0.000091
0.018059 0.000127
0.018236 0.000090
0.018371 0.000090
0.018510 0.000086
0.018640 0.000139
0.018822 0.000090
0.018955 0.000084
0.019084 0.000085
0.019212 0.000140
0.019396 0.000089
0.019529 0.000085
0.019657 0.000092
0.019793 0.000128
0.019965 0.000085
0.020110 0.000094
0.020252 0.000093
0.020390 0.000127
0.020566 0.000090
0.020699 0.000091
0.020834 0.000090
0.020967 0.000144
0.021155 0.000089
0.021288 0.000091
0.021422 0.000091
0.021557 0.000142
0.021743 0.000089
0.021876 0.000095
0.022016 0.000086
0.022146 0.000129
0.022320 0.000084
0.022448 0.000092
0.022588 0.000086
0.022724 0.000124
0.022892 0.000085
0.023021 0.000091
0.023155 0.000092
0.023291 0.000143
0.023478 0.000087
0.023613 0.000142
0.023804 0.000087
0.023935 0.000093
0.024072 0.000090
0.024205 0.000145
0.024395 0.000093
0.024532 0.000090
0.024671 0.000086
0.024801 0.000127
0.024972 0.000087
0.025104 0.000091
0.025240 0.000091
0.025374 0.000126
0.025544 0.000089
0.025677 0.000089
0.025809 0.000086
0.025938 0.000133
0.026114 0.000090
0.026247 0.000084
0.026374 0.000084
0.026505 0.000141
0.026694 0.000090
0.026828 0.000083
0.026956 0.000090
0.027091 0.000129
0.027266 0.000085
0.027395 0.000091
0.027533 0.000088
0.027665 0.000127
0.027835 0.000089
0.027967 0.000096
0.028107 0.000090
0.028244 0.000139
0.028427 0.000085
0.028556 0.000089
0.028693 0.000089
0.028826 0.000144
0.029014 0.000086
0.029145 0.000090
0.029279 0.000091
0.029414 0.000127
0.029583 0.000090
0.029718 0.000090
0.029854 0.000090
0.029988 0.000126
0.030158 0.000088
0.030291 0.000090
0.030424 0.000091
0.030560 0.000139
0.030748 0.000084
0.030876 0.000083
0.031005 0.000091
0.031140 0.000143
0.031328 0.000085
0.031457 0.000084
0.031586 0.000091
0.031738 0.000126
0.031908 0.000087
0.032094 0.000091
0.032232 0.000088
0.032366 0.000126
0.032537 0.000093
0.032677 0.000089
0.032817 0.000091
0.032955 0.000140
0.033140 0.000084
0.033270 0.000089
0.033405 0.000091
0.033542 0.000141
0.033730 0.000084
0.033861 0.000087
0.033996 0.000086
0.034128 0.000126
0.034301 0.000085
0.034432 0.000089
0.034568 0.000087
0.034702 0.000126
0.034877 0.000090
0.035014 0.000087
0.035147 0.000090
0.035283 0.000138
0.035466 0.000087
0.035599 0.000089
0.035734 0.000089
0.035869 0.000139
0.036059 0.000092
0.036195 0.000089
0.036331 0.000090
0.036465 0.000128
0.036636 0.000088
0.036767 0.000092
0.036908 0.000086
0.037038 0.000128
0.037209 0.000087
0.037342 0.000090
0.037476 0.000091
0.037610 0.000149
0.037804 0.000088
0.037935 0.000092
0.038070 0.000084
0.038198 0.000150
0.038392 0.000089
0.038524 0.000092
0.038660 0.000090
0.038793 0.000131
0.038972 0.000086
0.039102 0.000086
0.039232 0.000091
0.039367 0.000130
0.039541 0.000085
0.039670 0.000091
0.039804 0.000092
0.039939 0.000137
0.040121 0.000085
0.040252 0.000087
0.040386 0.000091
0.040523 0.000144
0.040712 0.000090
0.040853 0.000085
0.040988 0.000085
0.041119 0.000129
0.041293 0.000090
0.041430 0.000088
0.041566 0.000088
0.041699 0.000129
0.041874 0.000090
0.042011 0.000088
0.042145 0.000089
0.042281 0.000142
0.042471 0.000086
0.042604 0.000091
0.042741 0.000089
0.042876 0.000143
0.043069 0.000087
0.043203 0.000087
0.043338 0.000089
0.043472 0.000124
0.043644 0.000092
0.043782 0.000086
0.043916 0.000089
0.044053 0.000123
0.044222 0.000085
0.044353 0.000092
0.044520 0.000098
0.044759 0.001097
0.045895 0.000917
0.046851 0.001007
0.047904 0.000871
0.048814 0.000857
0.049710 0.000916
0.050665 0.001009
0.051739 0.000914
0.052723 0.000138
0.052930 0.000102
0.053110 0.000104
0.053272 0.000099
0.053430 0.000136
0.053623 0.000098
0.053777 0.000102
0.053936 0.000100
0.054089 0.000145
0.054278 0.000091
0.054414 0.000091
0.054549 0.000094
0.054740 0.000147
0.054932 0.000089
0.055064 0.000091
0.055199 0.000090
0.055333 0.000130
0.055507 0.000092
0.055643 0.000084
0.055771 0.000091
0.055905 0.000189
0.056147 0.000088
0.056290 0.000088
0.056425 0.000087
0.056558 0.000142
0.056753 0.000094
0.056893 0.000089
0.057027 0.000089
0.057161 0.000144
0.057354 0.000089
0.057490 0.000087
0.057624 0.000088
0.057757 0.000129
0.057932 0.000090
0.058068 0.000089
0.058204 0.000088
0.058343 0.000132
0.058521 0.000089
0.058657 0.000089
0.058793 0.000087
3.581801 0.004839
3.584940 0.018328
3.585534 0.018543
24.061878 0.000617
24.061687 0.000933
24.061722 0.000928
24.061332 0.001348
24.061413 0.001296
24.063023 0.001720
24.064896 0.003866
64.526167 0.045525
64.553687 0.031778
109.293876 0.000347
109.294519 0.000475
109.297134 0.000260
109.297540 0.000282
109.297532 0.000300
109.297537 0.000306
109.297678 0.000180
109.297684 0.000178
109.297718 0.000172
109.297786 0.000121
109.297928 0.002599
110.628040 0.022226
111.069528 0.000539
111.070442 0.000097
111.070431 0.000116
111.070611 0.001065
111.070616 0.001075
111.070438 0.001258
111.070619 0.001122
111.070668 0.001079
111.071777 0.002248
111.224158 0.001413
111.225988 0.000302
111.225992 0.000351
111.226121 0.000256
111.226127 0.000255
111.226169 0.000217
111.226409 0.002627
111.237431 0.000291
111.237769 0.000264
111.239391 0.000280
111.239704 0.000267
111.344761 0.000611
111.344723 0.000649
111.344662 0.000710
111.344744 0.000629
111.345011 0.000398
111.345019 0.000417
111.345270 0.000181
111.345278 0.000180
111.345499 0.000280
111.345837 0.002305
111.422179 0.019424
111.486131 0.013234
111.436531 0.063157
111.499591 0.000145
111.499753 0.000596
111.592557 0.016922
111.594684 0.021411
111.598752 0.028470
111.602901 0.039700
111.607077 0.050862
111.612637 0.063978
111.612921 0.064699
111.677712 0.000283
111.744995 0.015144
111.759811 0.049758
111.813738 0.000103
111.889211 0.017087
111.891373 0.036927
111.895526 0.043868
111.899689 0.053490
111.901784 0.058315
111.905956 0.071121
111.907601 0.070357
111.978070 0.000074
111.993242 0.003319
111.995479 0.007258
111.996223 0.008386
112.004752 0.000284
112.629289 0.002292
112.631744 0.000472
112.633498 0.000269
112.633803 0.000261
115.708129 0.019411
115.708170 0.019371
115.708617 0.020196
115.965359 0.137952
115.965184 0.138127
115.965097 0.138215
115.965053 0.138258
115.965015 0.138297
115.965040 0.138272
115.965076 0.138236
115.965065 0.138247
115.965086 0.138225
115.965140 0.138172
115.965118 0.138193
115.965107 0.138204
115.965129 0.138183
115.965160 0.138151
115.965150 0.138161
115.965172 0.138140
115.965273 0.138038
115.965228 0.138084
115.965206 0.138105
115.965195 0.138116
115.965217 0.138095
115.965248 0.138063
115.965237 0.138074
115.965263 0.138048
115.965315 0.137996
115.965294 0.138017
115.965284 0.138028
115.965305 0.138007
115.965338 0.137973
115.965327 0.137985
115.965349 0.137962
115.966075 0.137236
115.965705 0.137607
115.965531 0.137781
115.965445 0.137867
115.965402 0.137910
115.965380 0.137931
115.965369 0.137942
115.965390 0.137921
115.965422 0.137890
115.965411 0.137900
115.965434 0.137877
115.965489 0.137823
115.965466 0.137846
115.965455 0.137856
115.965476 0.137835
115.965509 0.137802
115.965499 0.137813
115.965520 0.137791
115.965618 0.137693
115.965573 0.137738
115.965553 0.137759
115.965541 0.137770
115.965563 0.137748
115.965597 0.137715
115.965584 0.137728
115.965608 0.137704
115.965662 0.137649
115.965641 0.137670
115.965629 0.137683
115.965652 0.137660
115.965684 0.137628
115.965672 0.137639
115.965694 0.137617
115.965790 0.137522
115.965747 0.137565
115.965726 0.137586
115.965715 0.137597
115.965736 0.137576
115.965768 0.137544
115.965757 0.137554
115.965778 0.137533
115.965832 0.137480
115.965810 0.137501
115.965801 0.137511
115.965821 0.137490
115.965853 0.137459
115.965842 0.137469
115.965874 0.137437
115.965864 0.137448
115.965884 0.137427
115.966245 0.137067
115.966160 0.137151
115.966118 0.137194
115.966097 0.137215
115.966085 0.137226
115.966107 0.137204
115.966140 0.137172
115.966129 0.137182
115.966150 0.137161
115.966202 0.137110
115.966181 0.137130
115.966171 0.137140
115.966191 0.137120
115.966222 0.137090
115.966212 0.137099
115.966233 0.137079
115.966330 0.136981
115.966288 0.137023
115.966267 0.137044
115.966255 0.137056
115.966278 0.137034
115.966309 0.137003
115.966299 0.137013
115.966319 0.136992
115.966373 0.136939
115.966352 0.136959
115.966341 0.136970
115.966362 0.136949
115.966395 0.136916
115.966384 0.136928
115.966406 0.136906
115.966767 0.140380
115.967449 0.139697
115.967105 0.140042
115.966936 0.140210
115.966852 0.140295
115.966809 0.140338
115.966788 0.140359
115.966778 0.140369
115.966798 0.140348
115.966830 0.140317
115.966820 0.140327
115.966840 0.140307
115.966893 0.140254
115.966872 0.140274
115.966862 0.140284
115.966882 0.140265
115.966914 0.140233
115.966904 0.140243
115.966924 0.140222
115.967022 0.140124
115.966979 0.140168
115.966957 0.140190
115.966946 0.140201
115.966968 0.140179
115.967002 0.140145
115.966990 0.140157
115.967011 0.140135
115.967064 0.140083
115.967043 0.140104
115.967032 0.140115
115.967053 0.140094
115.967085 0.140062
115.967074 0.140072
115.967095 0.140052
115.967189 0.139958
115.967147 0.139999
115.967126 0.140021
115.967116 0.140031
115.967136 0.140011
115.967169 0.139978
115.967158 0.139989
115.967179 0.139968
115.967231 0.139916
115.967210 0.139937
115.967199 0.139947
115.967220 0.139927
115.967254 0.139893
115.967243 0.139904
115.967267 0.139880
115.967623 0.139524
115.967533 0.139614
115.967492 0.139655
115.967470 0.139677
115.967460 0.139687
115.967481 0.139666
115.967512 0.139634
115.967503 0.139644
115.967523 0.139624
115.967578 0.139569
115.967554 0.139593
115.967544 0.139603
115.967565 0.139582
115.967601 0.139546
115.967589 0.139558
115.967612 0.139535
115.967707 0.139440
115.967665 0.139482
115.967644 0.139503
115.967633 0.139514
115.967654 0.139493
115.967686 0.139461
115.967675 0.139472
115.967696 0.139451
115.967750 0.139397
115.967728 0.139419
115.967717 0.139430
115.967737 0.139409
115.967772 0.139375
115.967761 0.139386
115.967782 0.139365
115.968929 0.142252
115.968196 0.142984
115.967792 0.143388
115.967968 0.143212
115.967880 0.143300
115.967839 0.143342
115.967818 0.143363
115.967807 0.143373
115.967828 0.143352
115.967859 0.143321
115.967849 0.143331
115.967870 0.143310
115.967927 0.143254
115.967905 0.143276
115.967891 0.143290
115.967916 0.143265
115.967947 0.143233
115.967937 0.143243
115.967957 0.143223
115.968110 0.143070
115.968010 0.143170
115.967989 0.143191
115.967978 0.143202
115.967999 0.143181
115.968086 0.143094
115.968073 0.143107
115.968097 0.143083
115.968154 0.143027
115.968132 0.143048
115.968121 0.143059
115.968142 0.143038
115.968176 0.143005
115.968165 0.143016
115.968186 0.142994
115.968540 0.142640
115.968371 0.142809
115.968284 0.142896
115.968238 0.142942
115.968217 0.142963
115.968207 0.142973
115.968228 0.142953
115.968260 0.142920
115.968248 0.142932
115.968273 0.142907
115.968328 0.142852
115.968305 0.142876
115.968294 0.142886
115.968316 0.142865
115.968349 0.142831
115.968339 0.142842
115.968360 0.142820
115.968456 0.142724
115.968414 0.142766
115.968392 0.142789
115.968381 0.142799
115.968402 0.142779
115.968435 0.142745
115.968424 0.142756
115.968445 0.142735
115.968498 0.142682
115.968477 0.142703
115.968466 0.142714
115.968487 0.142693
115.968519 0.142661
115.968509 0.142671
115.968530 0.142651
115.968757 0.142423
115.968628 0.142552
115.968586 0.142594
115.968562 0.142618
115.968551 0.142630
115.968573 0.142607
115.968608 0.142572
115.968597 0.142583
115.968618 0.142563
115.968649 0.142531
115.968639 0.142541
115.968671 0.142509
115.968659 0.142521
115.968692 0.142488
115.968681 0.142499
115.968703 0.142478
115.968841 0.142339
115.968799 0.142381
115.968779 0.142402
115.968768 0.142412
115.968789 0.142391
115.968820 0.142360
115.968809 0.142371
115.968830 0.142351
115.968884 0.142296
115.968864 0.142317
115.968852 0.142329
115.968874 0.142306
115.968908 0.142272
115.968897 0.142283
115.968918 0.142262
115.969099 0.142081
115.969016 0.142165
115.968971 0.142209
115.968949 0.142231
115.968939 0.142241
115.968960 0.142220
115.968992 0.142188
115.968982 0.142198
115.969003 0.142177
115.969058 0.142122
115.969037 0.142143
115.969027 0.142154
115.969047 0.142133
115.969079 0.142101
115.969069 0.142111
115.969089 0.142091
115.969142 0.142039
115.969121 0.142059
115.969110 0.142070
115.969131 0.142049
115.969164 0.142017
115.969152 0.142029
115.969628 0.145397
115.969281 0.145744
115.969452 0.145572
115.969368 0.145656
115.969325 0.145699
115.969302 0.145722
115.969291 0.145733
115.969312 0.145712
115.969346 0.145678
115.969336 0.145689
115.969357 0.145668
115.969410 0.145615
115.969389 0.145635
115.969379 0.145646
115.969399 0.145625
115.969431 0.145594
115.969420 0.145604
115.969441 0.145583
115.969541 0.145484
115.969495 0.145529
115.969474 0.145550
115.969462 0.145562
115.969485 0.145540
115.969517 0.145508
115.969506 0.145518
115.969527 0.145497
115.969583 0.145441
115.969562 0.145462
115.969552 0.145472
115.969573 0.145452
115.969604 0.145420
115.969594 0.145431
115.969615 0.145410
115.970312 0.144712
115.969971 0.145054
115.969796 0.145228
115.969711 0.145314
115.969669 0.145356
115.969648 0.145376
115.969638 0.145386
115.969658 0.145366
115.969689 0.145335
115.969679 0.145345
115.969700 0.145324
115.969752 0.145272
115.969732 0.145293
115.969721 0.145303
115.969742 0.145282
115.969776 0.145249
115.969763 0.145261
115.969786 0.145239
115.969885 0.145140
115.969839 0.145186
115.969817 0.145207
115.969807 0.145218
115.969828 0.145196
115.969861 0.145163
115.969851 0.145173
115.969874 0.145151
115.969928 0.145096
115.969906 0.145119
115.969895 0.145129
115.969916 0.145108
115.969950 0.145074
115.969939 0.145085
115.969960 0.145064
115.970140 0.144884
115.970055 0.144969
115.970012 0.145012
115.969992 0.145032
115.969982 0.145043
115.970003 0.145022
115.970033 0.144991
115.970023 0.145002
115.970044 0.144981
115.970098 0.144926
115.970066 0.144959
115.970119 0.144906
115.970109 0.144916
115.970130 0.144895
115.970228 0.144796
115.970185 0.144840
115.970164 0.144860
115.970151 0.144873
115.970174 0.144850
115.970205 0.144819
115.970195 0.144830
115.970216 0.144809
115.970270 0.144754
115.970249 0.144775
115.970239 0.144785
115.970260 0.144765
115.970292 0.144733
115.970281 0.144744
115.970302 0.144722
115.970484 0.144540
115.970398 0.144626
115.970354 0.144670
115.970333 0.144691
115.970323 0.144702
115.970344 0.144681
115.970377 0.144648
115.970365 0.144660
115.970387 0.144638
115.970440 0.144584
115.970420 0.144605
115.970409 0.144615
115.970430 0.144594
115.970461 0.144564
115.970451 0.144574
115.970474 0.144551
115.970528 0.144496
115.970505 0.144519
115.970495 0.144530
115.970517 0.144507
115.970549 0.144476
115.970539 0.144486
115.971710 0.147141
115.971004 0.147846
115.970834 0.148016
115.970660 0.148191
115.970618 0.148232
115.970577 0.148274
115.970559 0.148291
115.970597 0.148253
115.970587 0.148264
115.970608 0.148243
115.970639 0.148211
115.970629 0.148222
115.970649 0.148201
115.970745 0.148105
115.970703 0.148147
115.970682 0.148169
115.970670 0.148180
115.970692 0.148158
115.970724 0.148127
115.970714 0.148137
115.970734 0.148116
115.970791 0.148060
115.970768 0.148083
115.970756 0.148095
115.970778 0.148072
115.970812 0.148039
115.970802 0.148049
115.970822 0.148028
115.970918 0.147932
115.970876 0.147974
115.970855 0.147995
115.970845 0.148006
115.970866 0.147985
115.970896 0.147954
115.970886 0.147964
115.970907 0.147943
115.970960 0.147891
115.970939 0.147911
115.970929 0.147922
115.970949 0.147901
115.970983 0.147868
115.970970 0.147880
115.970994 0.147857
115.971346 0.147505
115.971177 0.147673
115.971090 0.147761
115.971047 0.147804
115.971025 0.147826
115.971015 0.147836
115.971035 0.147815
115.971068 0.147783
115.971057 0.147793
115.971078 0.147772
115.971135 0.147715
115.971112 0.147738
115.971102 0.147748
115.971123 0.147728
115.971156 0.147695
115.971145 0.147705
115.971166 0.147684
115.971261 0.147590
115.971218 0.147632
115.971197 0.147653
115.971187 0.147664
115.971208 0.147643
115.971240 0.147611
115.971229 0.147622
115.971250 0.147601
115.971304 0.147547
115.971283 0.147568
115.971271 0.147579
115.971293 0.147557
115.971324 0.147527
115.971314 0.147536
115.971335 0.147515
115.971538 0.147313
115.971387 0.147463
115.971367 0.147484
115.971356 0.147494
115.971377 0.147474
115.971409 0.147441
115.971398 0.147453
115.971434 0.147416
115.971422 0.147428
115.971445 0.147406
115.971624 0.147226
115.971582 0.147269
115.971558 0.147292
115.971548 0.147303
115.971569 0.147282
115.971604 0.147246
115.971593 0.147258
115.971615 0.147236
115.971668 0.147182
115.971645 0.147205
115.971635 0.147216
115.971657 0.147193
115.971690 0.147161
115.971679 0.147171
115.971699 0.147151
115.971890 0.146960
115.971805 0.147046
115.971762 0.147089
115.971741 0.147110
115.971720 0.147130
115.971752 0.147099
115.971784 0.147067
115.971772 0.147078
115.971794 0.147056
115.971846 0.147005
115.971826 0.147025
115.971815 0.147035
115.971836 0.147015
115.971867 0.146984
115.971857 0.146994
115.971878 0.146973
115.971932 0.146919
115.971911 0.146940
115.971901 0.146950
115.971921 0.146929
115.973382 0.149295
115.973361 0.149316
115.973343 0.149334
115.973372 0.149305
115.972440 0.150344
115.972099 0.150685
115.971942 0.150842
115.972050 0.150734
115.971979 0.150805
115.971958 0.150826
115.971968 0.150816
115.971999 0.150784
115.971989 0.150795
115.972010 0.150774
115.972076 0.150708
115.972063 0.150721
115.972089 0.150695
115.972269 0.150515
115.972184 0.150599
115.972141 0.150643
115.972120 0.150664
115.972109 0.150674
115.972130 0.150654
115.972163 0.150621
115.972152 0.150632
115.972174 0.150610
115.972227 0.150557
115.972205 0.150579
115.972194 0.150590
115.972215 0.150569
115.972248 0.150536
115.972238 0.150546
115.972258 0.150526
115.972354 0.150430
115.972310 0.150473
115.972289 0.150495
115.972279 0.150505
115.972299 0.150484
115.972332 0.150452
115.972321 0.150463
115.972343 0.150441
115.972399 0.150385
115.972376 0.150408
115.972364 0.150420
115.972386 0.150398
115.972420 0.150364
115.972409 0.150374
115.972430 0.150354
115.973119 0.149665
115.972779 0.150005
115.972609 0.150174
115.972525 0.150259
115.972481 0.150303
115.972460 0.150323
115.972450 0.150334
115.972471 0.150313
115.972503 0.150281
115.972492 0.150292
115.972513 0.150271
115.972567 0.150217
115.972546 0.150238
115.972535 0.150249
115.972556 0.150228
115.972589 0.150195
115.972578 0.150206
115.972599 0.150185
115.972694 0.150090
115.972651 0.150133
115.972630 0.150154
115.972620 0.150164
115.972641 0.150143
115.972674 0.150110
115.972661 0.150122
115.972684 0.150099
115.972737 0.150046
115.972717 0.150067
115.972707 0.150077
115.972727 0.150057
115.972758 0.150026
115.972748 0.150036
115.972769 0.150015
115.972947 0.149836
115.972822 0.149961
115.972800 0.149984
115.972790 0.149994
115.972810 0.149973
115.972844 0.149940
115.972833 0.149951
115.972854 0.149930
115.973035 0.149748
115.972990 0.149794
115.972969 0.149815
115.972958 0.149826
115.972980 0.149804
115.973015 0.149769
115.973001 0.149783
115.973025 0.149759
115.973077 0.149707
115.973056 0.149728
115.973046 0.149738
115.973067 0.149717
115.973098 0.149686
115.973087 0.149696
115.973108 0.149676
115.973288 0.149496
115.973203 0.149581
115.973160 0.149623
115.973140 0.149644
115.973130 0.149654
115.973151 0.149633
115.973182 0.149602
115.973171 0.149613
115.973193 0.149591
115.973245 0.149539
115.973224 0.149559
115.973214 0.149570
115.973235 0.149549
115.973268 0.149516
115.973256 0.149528
115.973278 0.149506
115.973309 0.149474
115.973299 0.149485
115.973332 0.149452
115.973319 0.149465
115.974644 0.151902
115.973813 0.152733
115.973641 0.152905
115.973470 0.153076
115.973393 0.153153
115.973428 0.153118
115.973405 0.153141
115.973417 0.153129
115.973449 0.153097
115.973439 0.153107
115.973459 0.153086
115.973555 0.152991
115.973512 0.153034
115.973491 0.153055
115.973481 0.153065
115.973502 0.153044
115.973533 0.153012
115.973522 0.153023
115.973544 0.153002
115.973599 0.152947
115.973578 0.152968
115.973565 0.152981
115.973589 0.152957
115.973620 0.152926
115.973609 0.152936
115.973630 0.152916
115.973729 0.152817
115.973685 0.152860
115.973664 0.152882
115.973654 0.152892
115.973675 0.152871
115.973707 0.152839
115.973696 0.152850
115.973717 0.152829
115.973771 0.152774
115.973750 0.152796
115.973740 0.152806
115.973761 0.152785
115.973792 0.152754
115.973782 0.152764
115.973803 0.152743
115.974303 0.152243
115.973985 0.152561
115.973899 0.152646
115.973855 0.152691
115.973834 0.152712
115.973823 0.152722
115.973844 0.152702
115.973878 0.152668
115.973865 0.152681
115.973889 0.152657
115.973942 0.152604
115.973920 0.152626
115.973909 0.152636
115.973931 0.152615
115.973964 0.152582
115.973952 0.152594
115.973974 0.152571
115.974070 0.152476
115.974028 0.152518
115.974005 0.152541
115.973995 0.152551
115.974016 0.152530
115.974049 0.152496
115.974038 0.152508
115.974060 0.152486
115.974111 0.152434
115.974091 0.152455
115.974081 0.152465
115.974102 0.152444
115.974153 0.152393
115.974132 0.152414
115.974122 0.152424
115.974143 0.152403
115.974175 0.152371
115.974163 0.152383
115.974196 0.152350
115.974185 0.152360
115.974206 0.152340
115.974472 0.152073
115.974388 0.152158
115.974346 0.152200
115.974325 0.152221
115.974314 0.152232
115.974335 0.152210
115.974367 0.152179
115.974357 0.152189
115.974377 0.152169
115.974430 0.152116
115.974409 0.152137
115.974398 0.152147
115.974419 0.152127
115.974451 0.152095
115.974440 0.152106
115.974461 0.152085
115.974557 0.151989
115.974515 0.152031
115.974493 0.152053
115.974482 0.152064
115.974503 0.152043
115.974535 0.152010
115.974526 0.152020
115.974546 0.152000
115.974601 0.151945
115.974580 0.151966
115.974567 0.151979
115.974591 0.151955
115.974623 0.151923
115.974611 0.151934
115.974634 0.151912
115.974728 0.151818
115.974686 0.151860
115.974665 0.151881
115.974655 0.151891
115.974676 0.151870
115.974707 0.151839
115.974696 0.151849
115.974717 0.151829
115.974749 0.151796
115.974739 0.151807
115.974760 0.152558
115.974818 0.152500
115.974797 0.152520
115.974776 0.152542
115.974787 0.152531
115.974808 0.152510
115.974859 0.152459
115.974839 0.152479
115.974828 0.152490
115.974849 0.152469
115.974903 0.152415
115.974880 0.152438
115.974869 0.152448
115.974890 0.152428
115.974914 0.152404
115.975316 0.155583
115.974972 0.155926
115.974928 0.155970
115.974952 0.155946
115.974941 0.155957
115.974962 0.155936
115.975142 0.155757
115.975056 0.155843
115.975015 0.155884
115.974993 0.155905
115.974983 0.155916
115.975004 0.155895
115.975035 0.155864
115.975024 0.155874
115.975045 0.155853
115.975100 0.155798
115.975079 0.155820
115.975066 0.155832
115.975090 0.155809
115.975121 0.155778
115.975110 0.155788
115.975131 0.155767
115.975231 0.155667
115.975186 0.155713
115.975164 0.155734
115.975152 0.155746
115.975175 0.155723
115.975207 0.155692
115.975196 0.155702
115.975219 0.155680
115.975274 0.155624
115.975253 0.155645
115.975242 0.155657
115.975264 0.155635
115.975295 0.155604
115.975284 0.155614
115.975306 0.155593
115.976004 0.154894
115.975657 0.155241
115.975485 0.155413
115.975402 0.155497
115.975358 0.155541
115.975337 0.155561
115.975327 0.155572
115.975347 0.155551
115.975381 0.155518
115.975368 0.155530
115.975391 0.155507
115.975444 0.155455
115.975423 0.155476
115.975412 0.155486
115.975433 0.155465
115.975465 0.155434
115.975454 0.155444
115.975476 0.155423
115.975573 0.155325
115.975531 0.155367
115.975506 0.155392
115.975496 0.155403
115.975517 0.155381
115.975553 0.155346
115.975542 0.155356
115.975563 0.155335
115.975616 0.155283
115.975595 0.155304
115.975584 0.155315
115.975605 0.155293
115.975637 0.155261
115.975627 0.155272
115.975647 0.155251
115.975830 0.155069
115.975742 0.155157
115.975701 0.155198
115.975680 0.155219
115.975668 0.155231
115.975690 0.155208
115.975721 0.155177
115.975711 0.155188
115.975732 0.155167
115.975786 0.155112
115.975764 0.155134
115.975753 0.155145
115.975775 0.155123
115.975807 0.155091
115.975796 0.155102
115.975818 0.155081
115.975917 0.154981
115.975875 0.155023
115.975854 0.155045
115.975843 0.155055
115.975865 0.155034
115.975896 0.155003
115.975885 0.155013
115.975907 0.154992
115.975960 0.154939
115.975939 0.154960
115.975928 0.154971
115.975949 0.154949
115.975983 0.154915
115.975971 0.154928
115.975994 0.154905
115.976211 0.154688
115.976121 0.154778
115.976076 0.154822
115.976054 0.154844
115.976039 0.154860
115.976066 0.154833
115.976101 0.154798
115.976090 0.154809
115.976111 0.154787
115.976166 0.154732
115.976143 0.154756
115.976132 0.154767
115.976153 0.154745
115.976190 0.154708
115.976177 0.154722
115.976201 0.154698
115.976221 0.157716
115.976731 0.157206
115.976561 0.157376
115.976387 0.157550
115.976300 0.157638
115.976258 0.157680
115.976279 0.157659
115.976268 0.157669
115.976289 0.157648
115.976345 0.157592
115.976323 0.157614
115.976310 0.157628
115.976334 0.157603
115.976366 0.157571
115.976356 0.157582
115.976377 0.157560
115.976472 0.157465
115.976430 0.157508
115.976408 0.157529
115.976398 0.157540
115.976419 0.157518
115.976451 0.157487
115.976440 0.157497
115.976461 0.157477
115.976519 0.157418
115.976495 0.157443
115.976483 0.157455
115.976508 0.157429
115.976541 0.157397
115.976530 0.157408
115.976551 0.157387
115.976647 0.157291
115.976603 0.157334
115.976582 0.157355
115.976572 0.157366
115.976593 0.157345
115.976626 0.157311
115.976614 0.157323
115.976636 0.157301
115.976689 0.157248
115.976668 0.157269
115.976657 0.157280
115.976679 0.157259
115.976710 0.157228
115.976699 0.157238
115.976720 0.157217
115.977081 0.156856
115.976906 0.157031
115.976818 0.157119
115.976777 0.157161
115.976754 0.157183
115.976743 0.157194
115.976765 0.157172
115.976797 0.157140
115.976787 0.157151
115.976808 0.157130
115.976865 0.157073
115.976843 0.157095
115.976832 0.157106
115.976854 0.157083
115.976885 0.157052
115.976875 0.157062
115.976896 0.157042
115.976995 0.156943
115.976950 0.156988
115.976929 0.157008
115.976917 0.157021
115.976940 0.156998
115.976971 0.156967
115.976960 0.156977
115.976981 0.156956
115.977037 0.156900
115.977016 0.156921
115.977005 0.156932
115.977027 0.156910
115.977059 0.156879
115.977048 0.156890
115.977069 0.156868
115.977257 0.156681
115.977168 0.156769
115.977124 0.156814
115.977102 0.156835
115.977092 0.156846
115.977113 0.156824
115.977147 0.156790
115.977135 0.156803
115.977158 0.156780
115.977212 0.156725
115.977191 0.156747
115.977179 0.156758
115.977202 0.156735
115.977236 0.156702
115.977223 0.156715
115.977246 0.156691
115.977342 0.156596
115.977300 0.156638
115.977279 0.156658
115.977268 0.156669
115.977290 0.156648
115.977321 0.156616
115.977310 0.156627
115.977332 0.156606
115.977386 0.156552
115.977364 0.156574
115.977352 0.156585
115.977374 0.156564
115.977407 0.156530
115.977397 0.156541
115.977418 0.156520
115.978131 0.159637
115.978510 0.159258
115.978333 0.159435
115.978215 0.159553
115.978173 0.159595
115.978153 0.159616
115.978141 0.159627
115.978164 0.159605
115.978195 0.159573
115.978184 0.159584
115.978205 0.159563
115.978289 0.159480
115.978267 0.159501
115.978226 0.159543
115.978278 0.159490
115.978310 0.159458
115.978299 0.159469
115.978320 0.159448
115.978419 0.159349
115.978376 0.159393
115.978355 0.159414
115.978344 0.159424
115.978365 0.159403
115.978397 0.159371
115.978386 0.159382
115.978408 0.159360
115.978467 0.159301
115.978445 0.159323
115.978429 0.159339
115.978457 0.159311
115.978490 0.159279
115.978478 0.159291
115.978500 0.159268
115.978685 0.159083
115.978598 0.159170
115.978555 0.159214
115.978533 0.159235
115.978521 0.159247
115.978544 0.159224
115.978576 0.159192
115.978566 0.159203
115.978587 0.159181
115.978643 0.159126
115.978620 0.159148
115.978608 0.159160
115.978631 0.159137
115.978664 0.159104
115.978654 0.159115
115.978674 0.159094
115.978775 0.158993
115.978728 0.159041
115.978707 0.159061
115.978696 0.159072
115.978717 0.159051
115.978749 0.159019
115.978739 0.159030
115.978759 0.159009
115.978820 0.158948
115.978798 0.158970
115.978785 0.158983
115.978809 0.158959
115.978843 0.158926
115.978830 0.158938
115.978853 0.158915
115.978864 0.159826
115.979236 0.159453
115.978914 0.159775
115.978893 0.159796
115.978881 0.159808
115.978904 0.159785
115.978959 0.159730
115.978935 0.159754
115.978924 0.159765
115.978946 0.159743
115.979004 0.159685
115.978982 0.159707
115.978970 0.159719
115.978993 0.159696
115.979025 0.159664
115.979015 0.159674
115.979036 0.159653
115.979046 0.159643
115.981330 0.163961
115.981684 0.163607
115.981509 0.163782
115.981419 0.163872
115.981373 0.163918
115.981352 0.163939
115.981341 0.163950
115.981362 0.163929
115.981395 0.163896
115.981384 0.163907
115.981408 0.163883
115.981463 0.163828
115.981441 0.163850
115.981430 0.163861
115.981453 0.163839
115.981487 0.163804
115.981474 0.163817
115.981498 0.163793
115.981598 0.163693
115.981553 0.163739
115.981530 0.163761
115.981519 0.163772
115.981542 0.163749
115.981576 0.163716
115.981565 0.163727
115.981587 0.163704
115.981641 0.163651
115.981619 0.163672
115.981608 0.163683
115.981630 0.163661
115.981662 0.163629
115.981651 0.163640
115.981673 0.163618
115.981727 0.163565
115.981705 0.163586
115.981694 0.163597
115.981716 0.163575
115.981737 0.167386
115.982745 0.166379
115.982393 0.166731
115.982042 0.167082
115.981866 0.167258
115.981823 0.167301
115.981777 0.167347
115.981754 0.167370
115.981766 0.167358
115.981798 0.167326
115.981787 0.167336
115.981812 0.167312
115.981844 0.167280
115.981833 0.167291
115.981855 0.167269
115.981954 0.167170
115.981910 0.167214
115.981890 0.167234
115.981878 0.167246
115.981900 0.167224
115.981932 0.167192
115.981921 0.167203
115.981943 0.167181
115.981976 0.167148
115.981965 0.167159
115.981986 0.167137
115.982219 0.166905
115.982132 0.166992
115.982086 0.167038
115.982064 0.167060
115.982053 0.167071
115.982074 0.167049
115.982108 0.167016
115.982097 0.167027
115.982119 0.167005
115.982175 0.166949
115.982154 0.166970
115.982143 0.166981
115.982165 0.166959
115.982198 0.166926
115.982187 0.166936
115.982209 0.166915
115.982305 0.166819
115.982261 0.166862
115.982241 0.166883
115.982230 0.166894
115.982251 0.166873
115.982284 0.166840
115.982272 0.166852
115.982295 0.166829
115.982349 0.166774
115.982327 0.166797
115.982316 0.166808
115.982339 0.166785
115.982371 0.166753
115.982360 0.166764
115.982382 0.166742
115.982573 0.166551
115.982483 0.166641
115.982435 0.166689
115.982414 0.166710
115.982404 0.166720
115.982424 0.166699
115.982460 0.166664
115.982446 0.166678
115.982472 0.166652
115.982528 0.166596
115.982506 0.166618
115.982495 0.166629
115.982517 0.166607
115.982551 0.166573
115.982539 0.166585
115.982562 0.166562
115.982660 0.166464
115.982615 0.166509
115.982594 0.166530
115.982583 0.166541
115.982605 0.166519
115.982636 0.166488
115.982626 0.166498
115.982649 0.166474
115.982703 0.166421
115.982682 0.166442
115.982671 0.166453
115.982692 0.166432
115.982724 0.166400
115.982714 0.166410
115.982735 0.166389
115.983097 0.166027
115.982921 0.166203
115.982836 0.166288
115.982789 0.166335
115.982766 0.166358
115.982755 0.166369
115.982778 0.166346
115.982814 0.166310
115.982802 0.166322
115.982826 0.166298
115.982878 0.166246
115.982857 0.166267
115.982847 0.166277
115.982868 0.166256
115.982900 0.166224
115.982889 0.166235
115.982911 0.166213
115.983009 0.166115
115.982965 0.166159
115.982942 0.166182
115.982932 0.166192
115.982954 0.166170
115.982986 0.166137
115.982976 0.166148
115.982998 0.166126
115.983052 0.166072
115.983030 0.166094
115.983019 0.166105
115.983041 0.166083
115.983073 0.166051
115.983062 0.166061
115.983083 0.166041
115.983141 0.165983
115.983120 0.166004
115.983109 0.166015
115.983131 0.165993
115.984388 0.170076
115.983916 0.170547
115.983891 0.170572
115.983905 0.170558
115.984156 0.170307
115.984006 0.170457
115.983959 0.170504
115.983937 0.170526
115.983927 0.170536
115.983949 0.170515
115.983982 0.170482
115.983971 0.170493
115.983995 0.170468
115.984100 0.170364
115.984069 0.170394
115.984049 0.170414
115.984085 0.170378
115.984128 0.170336
115.984114 0.170349
115.984142 0.170321
115.984276 0.170188
115.984213 0.170251
115.984185 0.170279
115.984171 0.170293
115.984199 0.170265
115.984245 0.170219
115.984231 0.170233
115.984262 0.170202
115.984331 0.170132
115.984304 0.170159
115.984290 0.170173
115.984318 0.170146
115.984360 0.170104
115.984346 0.170117
115.984374 0.170090
115.985680 0.168784
115.985230 0.169233
115.984609 0.169855
115.984498 0.169966
115.984442 0.170021
115.984413 0.170051
115.984400 0.170064
115.984429 0.170035
115.984470 0.169993
115.984456 0.170007
115.984485 0.169979
115.984553 0.169911
115.984526 0.169938
115.984512 0.169952
115.984540 0.169924
115.984581 0.169882
115.984567 0.169896
115.984595 0.169868
115.984724 0.169739
115.984665 0.169798
115.984638 0.169826
115.984624 0.169839
115.984652 0.169811
115.984696 0.169768
115.984682 0.169781
115.984711 0.169753
115.984836 0.169627
115.984779 0.169684
115.984751 0.169712
115.984739 0.169724
115.984766 0.169698
115.984807 0.169657
115.984793 0.169670
115.984822 0.169641
115.984892 0.169571
115.984865 0.169598
115.984851 0.169613
115.984879 0.169585
115.984920 0.169544
115.984907 0.169557
115.984949 0.169515
115.984935 0.169529
115.984976 0.169487
115.984963 0.169501
115.984990 0.169473
115.985452 0.169011
115.985340 0.169123
115.985285 0.169178
115.985258 0.169206
115.985245 0.169219
115.985272 0.169192
115.985312 0.169151
115.985299 0.169164
115.985327 0.169136
115.985395 0.169068
115.985367 0.169096
115.985354 0.169109
115.985382 0.169082
115.985424 0.169039
115.985410 0.169053
115.985439 0.169025
115.985566 0.168897
115.985511 0.168953
115.985480 0.168984
115.985466 0.168997
115.985496 0.168967
115.985539 0.168925
115.985525 0.168939
115.985553 0.168911
115.985623 0.168840
115.985594 0.168869
115.985580 0.168883
115.985610 0.168854
115.985652 0.168811
115.985639 0.168825
115.985666 0.168797
115.985694 0.168770
115.985707 0.172407
115.986141 0.171974
115.985917 0.172198
115.985798 0.172317
115.985743 0.172372
115.985729 0.172385
115.985770 0.172344
115.985757 0.172358
115.985784 0.172330
115.985859 0.172256
115.985829 0.172286
115.985815 0.172299
115.985845 0.172270
115.985886 0.172228
115.985873 0.172241
115.985901 0.172214
115.986030 0.172085
115.985973 0.172142
115.985945 0.172170
115.985931 0.172183
115.985959 0.172155
115.986001 0.172114
115.985987 0.172128
115.986016 0.172098
115.986086 0.172029
115.986058 0.172057
115.986044 0.172070
115.986072 0.172043
115.986114 0.172001
115.986100 0.172015
115.986127 0.171987
115.986367 0.171747
115.986254 0.171861
115.986196 0.171919
115.986168 0.171946
115.986155 0.171960
115.986182 0.171932
115.986226 0.171889
115.986212 0.171903
115.986240 0.171875
115.986310 0.171805
115.986281 0.171833
115.986268 0.171847
115.986296 0.171819
115.986340 0.171774
115.986326 0.171789
115.986354 0.171761
115.986477 0.171638
115.986422 0.171692
115.986395 0.171719
115.986382 0.171733
115.986411 0.171704
115.986449 0.171665
115.986436 0.171679
115.986463 0.171652
115.986588 0.171527
115.986533 0.171581
115.986504 0.171610
115.986491 0.171624
115.986520 0.171595
115.986560 0.171554
115.986547 0.171568
115.986574 0.171540
115.986644 0.171471
115.986617 0.171498
115.986603 0.171511
115.986631 0.171484
115.986699 0.171416
115.986671 0.171443
115.986658 0.171456
115.986685 0.171429
115.986727 0.171388
115.986713 0.171402
115.986757 0.171358
115.986743 0.171372
115.986784 0.171331
115.986770 0.171344
115.986799 0.171316
115.987722 0.173398
115.987609 0.173510
115.987548 0.173572
115.987514 0.173606
115.987534 0.173586
115.987580 0.173540
115.987566 0.173554
115.987596 0.173524
115.987667 0.173453
115.987637 0.173483
115.987624 0.173496
115.987652 0.173468
115.987694 0.173426
115.987681 0.173439
115.987708 0.173411
115.988214 0.172906
115.987949 0.173171
115.987835 0.173284
115.987779 0.173341
115.987750 0.173370
115.987736 0.173383
115.987765 0.173355
115.987807 0.173312
115.987794 0.173326
115.987822 0.173298
115.987893 0.173227
115.987863 0.173257
115.987849 0.173270
115.987879 0.173241
115.987921 0.173199
115.987907 0.173212
115.987935 0.173184
115.988102 0.173018
115.988009 0.173110
115.987979 0.173141
115.987963 0.173157
115.987995 0.173124
115.988073 0.173047
115.988055 0.173065
115.988088 0.173032
115.988159 0.172960
115.988130 0.172990
115.988117 0.173003
115.988145 0.172974
115.988186 0.172933
115.988173 0.172946
115.988201 0.172919
115.988442 0.172678
115.988329 0.172791
115.988273 0.172846
115.988245 0.172874
115.988232 0.172888
115.988260 0.172860
115.988301 0.172819
115.988287 0.172832
115.988315 0.172805
115.988385 0.172734
115.988356 0.172764
115.988343 0.172777
115.988371 0.172748
115.988412 0.172707
115.988399 0.172721
115.988428 0.172692
115.988532 0.172588
115.988489 0.172631
115.988464 0.172656
115.988453 0.172667
115.988478 0.172642
115.988510 0.172609
115.988500 0.172620
115.988521 0.172598
115.988577 0.172543
115.988554 0.172566
115.988543 0.172577
115.988566 0.172554
115.988599 0.172521
115.988589 0.172531
115.988610 0.172510
115.990061 0.174751
115.989343 0.175469
115.989164 0.175648
115.989071 0.175741
115.989117 0.175695
115.989094 0.175718
115.989083 0.175729
115.989105 0.175707
115.989142 0.175670
115.989128 0.175684
115.989153 0.175659
115.989254 0.175558
115.989208 0.175604
115.989185 0.175627
115.989174 0.175638
115.989196 0.175616
115.989233 0.175579
115.989219 0.175593
115.989243 0.175569
115.989298 0.175514
115.989276 0.175536
115.989265 0.175547
115.989286 0.175526
115.989321 0.175491
115.989309 0.175503
115.989331 0.175481
115.989703 0.175109
115.989523 0.175289
115.989431 0.175381
115.989388 0.175424
115.989364 0.175448
115.989353 0.175459
115.989375 0.175437
115.989410 0.175402
115.989399 0.175413
115.989420 0.175392
115.989479 0.175333
115.989453 0.175359
115.989442 0.175370
115.989463 0.175349
115.989490 0.175322
115.989612 0.175200
115.989568 0.175244
115.989546 0.175266
115.989534 0.175278
115.989557 0.175255
115.989590 0.175222
115.989579 0.175233
115.989601 0.175211
115.989657 0.175155
115.989633 0.175179
115.989622 0.175190
115.989644 0.175168
115.989679 0.175133
115.989668 0.175144
115.989690 0.175122
115.989884 0.174928
115.989791 0.175021
115.989748 0.175064
115.989725 0.175087
115.989714 0.175098
115.989736 0.175076
115.989769 0.175043
115.989759 0.175053
115.989780 0.175032
115.989838 0.174974
115.989816 0.174996
115.989804 0.175008
115.989826 0.174986
115.989862 0.174950
115.989849 0.174962
115.989872 0.174940
115.989970 0.174842
115.989926 0.174886
115.989905 0.174907
115.989894 0.174918
115.989916 0.174896
115.989948 0.174864
115.989937 0.174875
115.989959 0.174853
115.990017 0.174795
115.989992 0.174820
115.989981 0.174831
115.990003 0.174809
115.990039 0.174773
115.990028 0.174784
115.990049 0.174762
115.990422 0.174390
115.990242 0.174570
115.990151 0.174661
115.990104 0.174708
115.990082 0.174730
115.990071 0.174741
115.990093 0.174719
115.990129 0.174683
115.990116 0.174696
115.990140 0.174672
115.990198 0.174614
115.990175 0.174637
115.990162 0.174650
115.990186 0.174626
115.990220 0.174592
115.990209 0.174603
115.990231 0.174581
115.990334 0.174478
115.990287 0.174525
115.990265 0.174547
115.990254 0.174558
115.990276 0.174536
115.990310 0.174502
115.990299 0.174513
115.990320 0.174492
115.990379 0.174433
115.990355 0.174457
115.990344 0.174468
115.990366 0.174446
115.990401 0.174411
115.990390 0.174422
115.990411 0.174401
115.990468 0.174344
115.990444 0.174368
115.990433 0.174379
115.990457 0.174355
115.990493 0.174319
115.990480 0.174332
115.991675 0.176973
115.990504 0.178144
115.990613 0.178035
115.990567 0.178081
115.990544 0.178104
115.990522 0.178127
115.990532 0.178116
115.990555 0.178093
115.990589 0.178059
115.990578 0.178070
115.990602 0.178047
115.990704 0.177945
115.990659 0.177989
115.990635 0.178014
115.990624 0.178024
115.990646 0.178003
115.990682 0.177967
115.990670 0.177978
115.990692 0.177956
115.990796 0.177853
115.990748 0.177900
115.990726 0.177923
115.990714 0.177934
115.990736 0.177912
115.990770 0.177878
115.990759 0.177890
115.990785 0.177864
115.990842 0.177807
115.990819 0.177829
115.990806 0.177842
115.990830 0.177818
115.990886 0.177762
115.990864 0.177785
115.990853 0.177795
115.990874 0.177774
115.990907 0.177741
115.990896 0.177752
115.990931 0.177718
115.990919 0.177730
115.990942 0.177707
115.991859 0.176790
115.991763 0.176885
115.991718 0.176930
115.991696 0.176952
115.991685 0.176963
115.991707 0.176942
115.991740 0.176908
115.991729 0.176920
115.991751 0.176898
115.991814 0.176834
115.991792 0.176856
115.991779 0.176869
115.991803 0.176845
115.991836 0.176812
115.991824 0.176824
115.991848 0.176801
115.991948 0.176700
115.991903 0.176746
115.991880 0.176768
115.991869 0.176779
115.991891 0.176758
115.991927 0.176722
115.991913 0.176735
115.991937 0.176711
115.993168 0.179317
115.991959 0.180526
115.992267 0.180218
115.992177 0.180308
115.992083 0.180402
115.991999 0.180486
115.991977 0.180508
115.991987 0.180497
115.992056 0.180429
115.992009 0.180476
115.992071 0.180414
115.992129 0.180356
115.992105 0.180380
115.992094 0.180391
115.992115 0.180370
115.992154 0.180331
115.992140 0.180345
115.992166 0.180319
115.992221 0.180264
115.992199 0.180286
115.992188 0.180297
115.992209 0.180276
115.992243 0.180242
115.992231 0.180254
115.992255 0.180230
115.992355 0.180130
115.992311 0.180173
115.992290 0.180195
115.992278 0.180207
115.992301 0.180184
115.992334 0.180151
115.992322 0.180163
115.992344 0.180141
115.992399 0.180086
115.992377 0.180108
115.992366 0.180119
115.992387 0.180097
115.992421 0.180064
115.992409 0.180076
115.992433 0.180052
115.993346 0.179139
115.993257 0.179228
115.993213 0.179272
115.993191 0.179294
115.993179 0.179306
115.993202 0.179283
115.993236 0.179249
115.993223 0.179261
115.993246 0.179239
115.993301 0.179184
115.993279 0.179206
115.993268 0.179217
115.993290 0.179195
115.993324 0.179161
115.993311 0.179173
115.993335 0.179150
115.993436 0.179048
115.993392 0.179093
115.993369 0.179116
115.993356 0.179129
115.993379 0.179106
115.993415 0.179070
115.993403 0.179082
115.993426 0.179059
115.994634 0.181697
115.993447 0.182883
115.993912 0.182419
115.993716 0.182615
115.993628 0.182703
115.993540 0.182791
115.993496 0.182835
115.993469 0.182861
115.993484 0.182847
115.993518 0.182812
115.993507 0.182824
115.993529 0.182802
115.993584 0.182746
115.993563 0.182768
115.993551 0.182780
115.993573 0.182757
115.993606 0.182725
115.993595 0.182736
115.993617 0.182714
115.993670 0.182660
115.993649 0.182681
115.993639 0.182692
115.993659 0.182671
115.993693 0.182638
115.993681 0.182649
115.993703 0.182628
115.993804 0.182527
115.993759 0.182572
115.993738 0.182593
115.993727 0.182604
115.993748 0.182582
115.993780 0.182551
115.993769 0.182561
115.993791 0.182540
115.993846 0.182485
115.993825 0.182506
115.993814 0.182517
115.993835 0.182496
115.993869 0.182461
115.993856 0.182474
115.993880 0.182451
115.994274 0.182057
115.994089 0.182242
115.993999 0.182331
115.993956 0.182375
115.993933 0.182397
115.993922 0.182408
115.993944 0.182387
115.993978 0.182353
115.993967 0.182364
115.993988 0.182343
115.994046 0.182285
115.994023 0.182308
115.994010 0.182321
115.994034 0.182297
115.994068 0.182263
115.994056 0.182274
115.994078 0.182253
115.994184 0.182147
115.994138 0.182193
115.994112 0.182218
115.994099 0.182231
115.994126 0.182205
115.994160 0.182170
115.994149 0.182181
115.994171 0.182160
115.994229 0.182102
115.994206 0.182124
115.994195 0.182136
115.994217 0.182114
115.994252 0.182079
115.994240 0.182091
115.994262 0.182068
115.994456 0.181875
115.994364 0.181967
115.994318 0.182013
115.994296 0.182034
115.994284 0.182046
115.994307 0.182024
115.994341 0.181990
115.994329 0.182002
115.994352 0.181979
115.994409 0.181921
115.994385 0.181945
115.994374 0.181957
115.994396 0.181934
115.994432 0.181899
115.994420 0.181910
115.994442 0.181889
115.994544 0.181787
115.994500 0.181831
115.994478 0.181853
115.994467 0.181864
115.994488 0.181843
115.994522 0.181808
115.994511 0.181820
115.994533 0.181798
115.994590 0.181741
115.994566 0.181765
115.994554 0.181777
115.994577 0.181754
115.994613 0.181718
115.994601 0.181730
115.994623 0.181708
115.994816 0.181515
115.994723 0.181608
115.994679 0.181652
115.994657 0.181674
115.994644 0.181686
115.994668 0.181663
115.994701 0.181630
115.994690 0.181641
115.994711 0.181619
115.994766 0.181565
115.994744 0.181586
115.994733 0.181597
115.994755 0.181576
115.994791 0.181540
115.994780 0.181551
115.994801 0.181530
115.994861 0.181470
115.994839 0.181492
115.994827 0.181504
115.994849 0.181482
115.994882 0.181448
115.994871 0.181459
115.994893 0.185291
115.996143 0.184041
115.995360 0.184824
115.995183 0.185002
115.995003 0.185181
115.994956 0.185228
115.994934 0.185251
115.994912 0.185272
115.994922 0.185262
115.994944 0.185240
115.994981 0.185204
115.994967 0.185217
115.994992 0.185193
115.995091 0.185093
115.995047 0.185137
115.995024 0.185160
115.995014 0.185171
115.995036 0.185148
115.995069 0.185115
115.995058 0.185126
115.995080 0.185105
115.995139 0.185046
115.995113 0.185071
115.995102 0.185083
115.995126 0.185059
115.995161 0.185023
115.995149 0.185035
115.995172 0.185012
115.995270 0.184915
115.995227 0.184958
115.995205 0.184980
115.995193 0.184991
115.995216 0.184969
115.995248 0.184936
115.995237 0.184947
115.995259 0.184926
115.995316 0.184869
115.995293 0.184891
115.995280 0.184904
115.995304 0.184881
115.995328 0.184857
115.995719 0.184466
115.995540 0.184644
115.995451 0.184733
115.995403 0.184781
115.995382 0.184803
115.995371 0.184814
115.995392 0.184792
115.995426 0.184759
115.995414 0.184770
115.995436 0.184748
115.995497 0.184688
115.995473 0.184711
115.995462 0.184722
115.995483 0.184701
115.995519 0.184666
115.995508 0.184677
115.995529 0.184655
115.995631 0.184554
115.995584 0.184601
115.995562 0.184622
115.995551 0.184633
115.995572 0.184612
115.995608 0.184576
115.995595 0.184589
115.995620 0.184565
115.995675 0.184509
115.995652 0.184532
115.995641 0.184543
115.995662 0.184522
115.995697 0.184487
115.995686 0.184498
115.995707 0.184477
115.995899 0.184285
115.995811 0.184373
115.995765 0.184420
115.995741 0.184444
115.995729 0.184455
115.995751 0.184433
115.995789 0.184395
115.995778 0.184406
115.995800 0.184384
115.995855 0.184329
115.995833 0.184352
115.995821 0.184363
115.995843 0.184341
115.995877 0.184307
115.995866 0.184318
115.995888 0.184296
115.995988 0.184196
115.995944 0.184240
115.995922 0.184262
115.995910 0.184274
115.995933 0.184252
115.995967 0.184218
115.995955 0.184229
115.995977 0.184207
115.996093 0.184091
115.996010 0.184174
115.995999 0.184185
115.996073 0.184111
115.996117 0.184068
115.996105 0.184079
115.996127 0.184057
115.996322 0.183862
115.996233 0.183951
115.996189 0.183996
115.996167 0.184017
115.996154 0.184030
115.996178 0.184007
115.996211 0.183973
115.996200 0.183984
115.996221 0.183963
115.996278 0.183907
115.996255 0.183929
115.996244 0.183941
115.996266 0.183919
115.996301 0.183883
115.996289 0.183896
115.996311 0.183873
115.996365 0.183819
115.996344 0.183841
115.996333 0.183852
115.996354 0.183830
115.996387 0.183797
115.996376 0.183808
115.997692 0.186532
115.996973 0.187251
115.996724 0.187500
115.996507 0.187717
115.996461 0.187762
115.996415 0.187809
115.996398 0.187826
115.996438 0.187786
115.996427 0.187797
115.996448 0.187776
115.996483 0.187741
115.996472 0.187752
115.996496 0.187728
115.996632 0.187592
115.996550 0.187674
115.996528 0.187696
115.996517 0.187707
115.996539 0.187685
115.996576 0.187648
115.996561 0.187663
115.996620 0.187604
115.996680 0.187544
115.996657 0.187567
115.996643 0.187581
115.996668 0.187556
115.996703 0.187521
115.996691 0.187533
115.996713 0.187511
115.996768 0.187456
115.996746 0.187478
115.996734 0.187490
115.996756 0.187468
115.996814 0.187410
115.996790 0.187434
115.996778 0.187446
115.996801 0.187423
115.996835 0.187389
115.996824 0.187400
115.996861 0.187363
115.996845 0.187379
115.996872 0.187352
115.997330 0.186894
115.997148 0.187076
115.997060 0.187164
115.997016 0.187208
115.996995 0.187229
115.996984 0.187240
115.997005 0.187219
115.997039 0.187185
115.997027 0.187197
115.997049 0.187174
115.997102 0.187122
115.997081 0.187143
115.997070 0.187154
115.997091 0.187133
115.997127 0.187097
115.997113 0.187111
115.997137 0.187086
115.997241 0.186983
115.997194 0.187030
115.997169 0.187055
115.997158 0.187066
115.997179 0.187045
115.997219 0.187005
115.997207 0.187017
115.997230 0.186994
115.997286 0.186938
115.997264 0.186960
115.997252 0.186972
115.997274 0.186950
115.997308 0.186916
115.997296 0.186928
115.997319 0.186905
115.997509 0.186715
115.997419 0.186805
115.997374 0.186850
115.997353 0.186871
115.997342 0.186882
115.997363 0.186861
115.997396 0.186828
115.997385 0.186839
115.997407 0.186817
115.997466 0.186758
115.997443 0.186781
115.997430 0.186794
115.997454 0.186770
115.997487 0.186737
115.997476 0.186748
115.997498 0.186726
115.997604 0.186620
115.997557 0.186667
115.997536 0.186688
115.997525 0.186699
115.997546 0.186678
115.997580 0.186644
115.997568 0.186656
115.997591 0.186633
115.997648 0.186576
115.997627 0.186597
115.997615 0.186609
115.997637 0.186587
115.997670 0.186554
115.997659 0.186565
115.997680 0.186544
115.997872 0.186352
115.997781 0.186443
115.997735 0.186489
115.997714 0.186510
115.997702 0.186522
115.997724 0.186499
115.997758 0.186466
115.997746 0.186478
115.997770 0.186454
115.997826 0.186398
115.997803 0.186421
115.997792 0.186432
115.997814 0.186410
115.997849 0.186374
115.997836 0.186388
115.997860 0.186364
115.998419 0.189628
115.998058 0.189989
115.997883 0.190164
115.997971 0.190076
115.997926 0.190121
115.997902 0.190145
115.997912 0.190134
115.997949 0.190098
115.997937 0.190110
115.997960 0.190086
115.998015 0.190032
115.997993 0.190054
115.997982 0.190065
115.998004 0.190043
115.998036 0.190010
115.998026 0.190021
115.998047 0.189999
115.998243 0.189804
115.998151 0.189896
115.998104 0.189943
115.998082 0.189965
115.998069 0.189978
115.998093 0.189954
115.998127 0.189920
115.998115 0.189932
115.998139 0.189908
115.998197 0.189849
115.998173 0.189874
115.998161 0.189885
115.998186 0.189861
115.998220 0.189827
115.998209 0.189838
115.998231 0.189816
115.998286 0.189761
115.998265 0.189782
115.998254 0.189793
115.998275 0.189772
115.998308 0.189739
115.998296 0.189751
115.998319 0.189728
115.998779 0.189268
115.998601 0.189446
115.998509 0.189538
115.998463 0.189584
115.998441 0.189606
115.998429 0.189618
115.998451 0.189596
115.998485 0.189562
115.998473 0.189573
115.998496 0.189551
115.998555 0.189492
115.998531 0.189516
115.998520 0.189527
115.998542 0.189505
115.998578 0.189469
115.998566 0.189481
115.998590 0.189457
115.998690 0.189357
115.998644 0.189403
115.998622 0.189424
115.998611 0.189435
115.998633 0.189414
115.998668 0.189379
115.998655 0.189392
115.998679 0.189368
115.998735 0.189311
115.998713 0.189334
115.998701 0.189346
115.998724 0.189322
115.998757 0.189290
115.998746 0.189301
115.998768 0.189279
115.998960 0.189086
115.998872 0.189174
115.998823 0.189224
115.998800 0.189247
115.998789 0.189258
115.998810 0.189236
115.998848 0.189199
115.998833 0.189214
115.998859 0.189188
115.998916 0.189131
115.998894 0.189153
115.998883 0.189164
115.998905 0.189142
115.998937 0.189109
115.998927 0.189120
115.998949 0.189098
115.999051 0.188996
115.999004 0.189043
115.998982 0.189065
115.998971 0.189076
115.998993 0.189054
115.999028 0.189019
115.999015 0.189032
115.999040 0.189007
115.999140 0.188907
115.999097 0.188950
115.999072 0.188974
115.999061 0.188986
115.999085 0.188962
115.999118 0.188929
115.999107 0.188940
115.999129 0.188918
115.999190 0.188857
115.999162 0.188884
115.999151 0.188896
115.999176 0.188871
115.999235 0.188812
115.999212 0.188834
115.999201 0.188846
115.999223 0.188823
115.999280 0.188767
115.999258 0.188789
115.999246 0.188801
115.999269 0.188778
115.999291 0.188756
115.999302 0.188745
116.000787 0.191326
116.000072 0.192041
115.999674 0.192439
115.999492 0.192621
115.999382 0.192731
115.999333 0.192780
115.999360 0.192753
115.999346 0.192767
115.999371 0.192742
115.999405 0.192708
115.999393 0.192720
115.999426 0.192687
115.999416 0.192697
115.999436 0.192677
115.999584 0.192529
115.999540 0.192573
115.999518 0.192595
115.999503 0.192610
115.999529 0.192584
115.999561 0.192552
115.999551 0.192562
115.999572 0.192541
115.999628 0.192485
115.999606 0.192507
115.999595 0.192518
115.999617 0.192496
115.999651 0.192463
115.999639 0.192474
115.999661 0.192452
115.999855 0.192258
115.999761 0.192352
115.999718 0.192395
115.999696 0.192417
115.999685 0.192428
115.999707 0.192406
115.999739 0.192374
115.999728 0.192385
115.999750 0.192363
115.999807 0.192306
115.999784 0.192329
115.999773 0.192340
115.999795 0.192318
115.999830 0.192283
115.999818 0.192295
115.999844 0.192269
115.999944 0.192169
115.999901 0.192213
115.999878 0.192235
115.999866 0.192247
115.999889 0.192224
115.999922 0.192191
115.999911 0.192202
115.999933 0.192180
115.999990 0.192123
115.999966 0.192147
115.999955 0.192158
115.999977 0.192136
116.000011 0.192102
116.000000 0.192113
116.000058 0.192055
116.000431 0.191682
116.000256 0.191857
116.000161 0.191952
116.000116 0.191997
116.000094 0.192019
116.000083 0.192030
116.000105 0.192008
116.000138 0.191975
116.000127 0.191986
116.000148 0.191965
116.000211 0.191902
116.000185 0.191928
116.000171 0.191942
116.000196 0.191917
116.000234 0.191879
116.000223 0.191890
116.000245 0.191868
116.000344 0.191769
116.000298 0.191815
116.000277 0.191836
116.000267 0.191846
116.000287 0.191826
116.000320 0.191793
116.000309 0.191804
116.000331 0.191782
116.000388 0.191725
116.000366 0.191747
116.000355 0.191758
116.000377 0.191736
116.000409 0.191704
116.000398 0.191715
116.000420 0.191693
116.000608 0.191505
116.000520 0.191593
116.000474 0.191639
116.000453 0.191660
116.000442 0.191671
116.000463 0.191650
116.000497 0.191616
116.000485 0.191628
116.000508 0.191605
116.000565 0.191548
116.000543 0.191570
116.000533 0.191580
116.000554 0.191559
116.000586 0.191527
116.000575 0.191538
116.000596 0.191517
116.000696 0.191417
116.000653 0.191460
116.000629 0.191484
116.000618 0.191495
116.000640 0.191473
116.000674 0.191439
116.000664 0.191449
116.000685 0.191428
116.000742 0.191371
116.000718 0.191395
116.000707 0.191406
116.000729 0.191384
116.000765 0.191348
116.000754 0.191359
116.000776 0.191337
116.000798 0.191315
116.002235 0.193711
116.001515 0.194432
116.001155 0.194792
116.000811 0.195135
116.000977 0.194969
116.000887 0.195059
116.000842 0.195105
116.000830 0.195116
116.000862 0.195084
116.000852 0.195094
116.000875 0.195071
116.000908 0.195038
116.000897 0.195049
116.000919 0.195027
116.001066 0.194881
116.001021 0.194926
116.000999 0.194947
116.000988 0.194958
116.001010 0.194936
116.001044 0.194903
116.001031 0.194915
116.001054 0.194892
116.001109 0.194837
116.001088 0.194858
116.001077 0.194870
116.001098 0.194848
116.001133 0.194814
116.001120 0.194827
116.001143 0.194803
116.001337 0.194609
116.001246 0.194700
116.001202 0.194745
116.001177 0.194769
116.001166 0.194780
116.001188 0.194758
116.001223 0.194723
116.001212 0.194734
116.001234 0.194713
116.001294 0.194653
116.001269 0.194677
116.001258 0.194688
116.001280 0.194667
116.001315 0.194631
116.001304 0.194642
116.001326 0.194620
116.001426 0.194521
116.001380 0.194566
116.001358 0.194588
116.001348 0.194598
116.001369 0.194578
116.001402 0.194545
116.001391 0.194556
116.001412 0.194534
116.001471 0.194476
116.001449 0.194497
116.001437 0.194509
116.001460 0.194486
116.001492 0.194454
116.001481 0.194465
116.001503 0.194443
116.001872 0.194074
116.001694 0.194252
116.001605 0.194341
116.001560 0.194386
116.001538 0.194408
116.001527 0.194419
116.001549 0.194397
116.001582 0.194365
116.001571 0.194376
116.001593 0.194354
116.001649 0.194297
116.001628 0.194319
116.001616 0.194330
116.001638 0.194308
116.001671 0.194276
116.001659 0.194287
116.001683 0.194263
116.001784 0.194162
116.001738 0.194208
116.001717 0.194230
116.001705 0.194241
116.001727 0.194219
116.001761 0.194185
116.001749 0.194197
116.001772 0.194174
116.001828 0.194119
116.001806 0.194141
116.001794 0.194152
116.001816 0.194130
116.001851 0.194096
116.001838 0.194108
116.001861 0.194085
116.002049 0.193897
116.001963 0.193983
116.001918 0.194028
116.001894 0.194052
116.001883 0.194063
116.001905 0.194041
116.001941 0.194005
116.001929 0.194017
116.001952 0.193995
116.002007 0.193940
116.001985 0.193961
116.001974 0.193972
116.001996 0.193951
116.002028 0.193918
116.002017 0.193930
116.002039 0.193908
116.002142 0.193804
116.002097 0.193849
116.002073 0.193873
116.002060 0.193886
116.002084 0.193862
116.002120 0.193827
116.002108 0.193838
116.002130 0.193816
116.002190 0.193757
116.002165 0.193782
116.002154 0.193793
116.002178 0.193768
116.002211 0.193735
116.002200 0.193746
116.002222 0.193724
116.002246 0.193701
116.003673 0.196113
116.002954 0.196832
116.002596 0.197190
116.002257 0.197529
116.002417 0.197369
116.002327 0.197459
116.002283 0.197503
116.002272 0.197514
116.002305 0.197481
116.002294 0.197492
116.002316 0.197470
116.002371 0.197415
116.002349 0.197437
116.002337 0.197448
116.002359 0.197427
116.002395 0.197391
116.002381 0.197405
116.002406 0.197380
116.002507 0.197279
116.002460 0.197326
116.002439 0.197347
116.002428 0.197358
116.002449 0.197337
116.002482 0.197304
116.002470 0.197316
116.002493 0.197293
116.002553 0.197233
116.002529 0.197257
116.002518 0.197268
116.002540 0.197246
116.002574 0.197212
116.002563 0.197223
116.002585 0.197201
116.002773 0.197013
116.002683 0.197103
116.002639 0.197147
116.002618 0.197168
116.002607 0.197179
116.002628 0.197158
116.002660 0.197126
116.002649 0.197136
116.002671 0.197115
116.002729 0.197057
116.002708 0.197078
116.002694 0.197092
116.002718 0.197068
116.002750 0.197036
116.002739 0.197047
116.002760 0.197026
116.002867 0.196919
116.002816 0.196970
116.002794 0.196992
116.002783 0.197003
116.002805 0.196981
116.002843 0.196943
116.002827 0.196959
116.002854 0.196932
116.002911 0.196875
116.002889 0.196897
116.002878 0.196908
116.002899 0.196886
116.002932 0.196854
116.002921 0.196865
116.002943 0.196843
116.003313 0.196473
116.003130 0.196656
116.003043 0.196743
116.002998 0.196788
116.002977 0.196809
116.002965 0.196821
116.002987 0.196799
116.003020 0.196766
116.003008 0.196778
116.003031 0.196755
116.003086 0.196699
116.003065 0.196721
116.003054 0.196732
116.003076 0.196710
116.003108 0.196678
116.003097 0.196689
116.003119 0.196667
116.003223 0.196563
116.003179 0.196607
116.003153 0.196633
116.003142 0.196644
116.003166 0.196620
116.003200 0.196586
116.003189 0.196597
116.003211 0.196575
116.003270 0.196516
116.003247 0.196539
116.003235 0.196551
116.003258 0.196528
116.003291 0.196495
116.003280 0.196506
116.003302 0.196484
116.003496 0.196290
116.003403 0.196383
116.003358 0.196428
116.003336 0.196449
116.003324 0.196462
116.003347 0.196439
116.003380 0.196406
116.003369 0.196417
116.003391 0.196395
116.003447 0.196339
116.003424 0.196361
116.003414 0.196372
116.003435 0.196351
116.003469 0.196317
116.003458 0.196328
116.003479 0.196307
116.003585 0.196201
116.003540 0.196246
116.003518 0.196268
116.003507 0.196279
116.003529 0.196257
116.003562 0.196224
116.003551 0.196235
116.003572 0.196214
116.003628 0.196158
116.003606 0.196180
116.003596 0.196190
116.003617 0.196169
116.003651 0.196135
116.003638 0.196148
116.003661 0.196124
116.003684 0.196102
116.004537 0.199091
116.004187 0.199441
116.003695 0.199933
116.003959 0.199669
116.003800 0.199828
116.003778 0.199850
116.003764 0.199865
116.003790 0.199839
116.003822 0.199806
116.003811 0.199817
116.003843 0.199785
116.003833 0.199795
116.003854 0.199774
116.004103 0.199525
116.004002 0.199627
116.003980 0.199648
116.003969 0.199659
116.003990 0.199638
116.004080 0.199548
116.004055 0.199573
116.004092 0.199536
116.004146 0.199482
116.004124 0.199504
116.004114 0.199515
116.004135 0.199493
116.004167 0.199461
116.004156 0.199472
116.004177 0.199451
116.004362 0.199266
116.004279 0.199349
116.004233 0.199395
116.004208 0.199420
116.004198 0.199430
116.004219 0.199409
116.004257 0.199371
116.004247 0.199381
116.004268 0.199360
116.004320 0.199308
116.004299 0.199329
116.004289 0.199339
116.004310 0.199318
116.004341 0.199288
116.004330 0.199298
116.004351 0.199277
116.004449 0.199179
116.004406 0.199222
116.004384 0.199244
116.004372 0.199256
116.004395 0.199233
116.004428 0.199201
116.004417 0.199211
116.004439 0.199190
116.004493 0.199135
116.004470 0.199158
116.004460 0.199168
116.004482 0.199146
116.004515 0.199113
116.004504 0.199124
116.004526 0.199103
116.004888 0.198740
116.004711 0.198917
116.004625 0.199003
116.004582 0.199046
116.004558 0.199070
116.004547 0.199081
116.004570 0.199058
116.004603 0.199025
116.004593 0.199035
116.004614 0.199014
116.004667 0.198961
116.004646 0.198982
116.004635 0.198993
116.004656 0.198972
116.004690 0.198938
116.004678 0.198951
116.004701 0.198928
116.004798 0.198830
116.004756 0.198872
116.004734 0.198894
116.004722 0.198906
116.004745 0.198883
116.004778 0.198851
116.004767 0.198861
116.004788 0.198840
116.004842 0.198786
116.004820 0.198808
116.004809 0.198819
116.004830 0.198798
116.004864 0.198764
116.004854 0.198774
116.004874 0.198754
116.005061 0.198567
116.004974 0.198654
116.004931 0.198697
116.004909 0.198719
116.004899 0.198729
116.004920 0.198708
116.004953 0.198676
116.004942 0.198686
116.004963 0.198665
116.005018 0.198610
116.004997 0.198631
116.004985 0.198643
116.005008 0.198620
116.005040 0.198589
116.005029 0.198599
116.005050 0.198578
116.005148 0.198480
116.005104 0.198524
116.005082 0.198546
116.005072 0.198556
116.005093 0.198535
116.005126 0.198502
116.005115 0.198513
116.005136 0.198492
116.005191 0.198437
116.005170 0.198458
116.005159 0.198469
116.005180 0.198448
116.005205 0.198423
116.005894 0.201589
116.005246 0.202237
116.005598 0.201885
116.005408 0.202075
116.005289 0.202194
116.005267 0.202216
116.005257 0.202226
116.005278 0.202205
116.005311 0.202172
116.005299 0.202184
116.005321 0.202162
116.005490 0.201993
116.005449 0.202033
116.005427 0.202056
116.005417 0.202066
116.005437 0.202046
116.005470 0.202013
116.005460 0.202022
116.005480 0.202003
116.005533 0.201950
116.005512 0.201970
116.005499 0.201983
116.005523 0.201960
116.005553 0.201930
116.005543 0.201940
116.005562 0.201920
116.005746 0.201736
116.005675 0.201808
116.005640 0.201843
116.005620 0.201863
116.005608 0.201875
116.005630 0.201853
116.005658 0.201824
116.005650 0.201833
116.005667 0.201816
116.005711 0.201771
116.005694 0.201789
116.005684 0.201798
116.005702 0.201781
116.005729 0.201754
116.005720 0.201763
116.005737 0.201746
116.005823 0.201659
116.005782 0.201701
116.005764 0.201719
116.005755 0.201728
116.005771 0.201711
116.005801 0.201682
116.005791 0.201692
116.005815 0.201668
116.005858 0.201625
116.005840 0.201643
116.005832 0.201651
116.005849 0.201634
116.005877 0.201606
116.005866 0.201617
116.005885 0.201597
116.006173 0.201310
116.006035 0.201447
116.005964 0.201519
116.005929 0.201554
116.005911 0.201571
116.005903 0.201580
116.005920 0.201563
116.005946 0.201536
116.005938 0.201545
116.005955 0.201528
116.006001 0.201482
116.005981 0.201502
116.005972 0.201511
116.005990 0.201493
116.006019 0.201464
116.006010 0.201473
116.006027 0.201456
116.006105 0.201378
116.006072 0.201411
116.006052 0.201431
116.006044 0.201439
116.006060 0.201422
116.006089 0.201394
116.006080 0.201403
116.006096 0.201386
116.006137 0.201345
116.006121 0.201361
116.006112 0.201370
116.006130 0.201353
116.006156 0.201327
116.006147 0.201336
116.006164 0.201319
116.006314 0.201169
116.006245 0.201238
116.006209 0.201274
116.006191 0.201292
116.006182 0.201301
116.006199 0.201283
116.006227 0.201256
116.006218 0.201265
116.006235 0.201247
116.006280 0.201203
116.006262 0.201220
116.006255 0.201228
116.006271 0.201212
116.006297 0.201185
116.006289 0.201194
116.006306 0.201177
116.006393 0.201090
116.006353 0.201130
116.006335 0.201147
116.006323 0.201159
116.006344 0.201139
116.006374 0.201108
116.006364 0.201119
116.006383 0.201100
116.006428 0.201055
116.006410 0.201072
116.006402 0.201081
116.006419 0.201064
116.006436 0.201046
116.007053 0.204246
116.006470 0.204829
116.006445 0.204854
116.006461 0.204838
116.006776 0.204523
116.006633 0.204666
116.006559 0.204740
116.006507 0.204792
116.006487 0.204812
116.006478 0.204821
116.006495 0.204804
116.006524 0.204774
116.006516 0.204783
116.006533 0.204766
116.006594 0.204705
116.006577 0.204722
116.006568 0.204731
116.006585 0.204714
116.006614 0.204685
116.006606 0.204693
116.006624 0.204675
116.006704 0.204595
116.006670 0.204629
116.006652 0.204647
116.006643 0.204656
116.006661 0.204637
116.006687 0.204612
116.006678 0.204621
116.006695 0.204604
116.006739 0.204560
116.006721 0.204578
116.006712 0.204586
116.006730 0.204569
116.006758 0.204541
116.006748 0.204551
116.006766 0.204533
116.006917 0.204382
116.006846 0.204453
116.006811 0.204488
116.006793 0.204506
116.006784 0.204515
116.006803 0.204496
116.006829 0.204470
116.006820 0.204479
116.006837 0.204461
116.006883 0.204416
116.006865 0.204434
116.006855 0.204444
116.006874 0.204425
116.006900 0.204399
116.006892 0.204407
116.006909 0.204390
116.006986 0.204313
116.006953 0.204346
116.006935 0.204364
116.006926 0.204373
116.006945 0.204354
116.006970 0.204329
116.006961 0.204338
116.006978 0.204321
116.007020 0.204279
116.007004 0.204295
116.006994 0.204305
116.007012 0.204286
116.007037 0.204262
116.007029 0.204270
116.007045 0.204254
116.007328 0.203971
116.007192 0.204107
116.007124 0.204175
116.007087 0.204211
116.007071 0.204228
116.007061 0.204237
116.007079 0.204220
116.007105 0.204194
116.007096 0.204203
116.007115 0.204184
116.007158 0.204141
116.007141 0.204158
116.007133 0.204166
116.007150 0.204149
116.007175 0.204124
116.007167 0.204132
116.007183 0.204116
116.007260 0.204039
116.007225 0.204074
116.007208 0.204091
116.007199 0.204099
116.007217 0.204082
116.007243 0.204056
116.007234 0.204065
116.007252 0.204047
116.007294 0.204005
116.007277 0.204022
116.007268 0.204031
116.007285 0.204014
116.007310 0.203989
116.007302 0.203997
116.007319 0.203980
116.007464 0.203835
116.007397 0.203902
116.007364 0.203935
116.007345 0.203954
116.007336 0.203962
116.007353 0.203946
116.007381 0.203918
116.007372 0.203927
116.007389 0.203910
116.007431 0.203868
116.007414 0.203885
116.007406 0.203893
116.007422 0.203877
116.007447 0.203852
116.007439 0.203860
116.007455 0.203844
116.007533 0.203766
116.007499 0.203799
116.007483 0.203816
116.007472 0.203827
116.007491 0.203808
116.007516 0.203783
116.007508 0.203791
116.007524 0.203774
116.007550 0.203749
116.007542 0.203757
116.007559 0.203740
116.007607 0.204445
116.007567 0.204484
116.007588 0.204464
116.007579 0.204472
116.007596 0.204455
116.007677 0.204374
116.007643 0.204409
116.007625 0.204427
116.007615 0.204437
116.007634 0.204418
116.007660 0.204391
116.007652 0.204400
116.007669 0.204383
116.008769 0.206716
116.008211 0.207273
116.007686 0.207798
116.007889 0.207595
116.007818 0.207666
116.007750 0.207734
116.007715 0.207770
116.007697 0.207787
116.007706 0.207778
116.007733 0.207751
116.007723 0.207761
116.007742 0.207743
116.007784 0.207700
116.007767 0.207717
116.007758 0.207726
116.007776 0.207709
116.007801 0.207683
116.007792 0.207692
116.007809 0.207675
116.007854 0.207630
116.007836 0.207648
116.007828 0.207657
116.007844 0.207640
116.007870 0.207614
116.007862 0.207622
116.007880 0.207604
116.008067 0.207418
116.007959 0.207526
116.007924 0.207560
116.007907 0.207577
116.007898 0.207586
116.007916 0.207569
116.007942 0.207542
116.007933 0.207551
116.007951 0.207534
116.007993 0.207491
116.007977 0.207507
116.007967 0.207517
116.007985 0.207499
116.008010 0.207474
116.008002 0.207482
116.008054 0.207430
116.008140 0.207344
116.008102 0.207382
116.008085 0.207399
116.008076 0.207409
116.008094 0.207390
116.008119 0.207366
116.008111 0.207373
116.008127 0.207357
116.008177 0.207307
116.008158 0.207326
116.008149 0.207335
116.008167 0.207318
116.008195 0.207290
116.008186 0.207298
116.008203 0.207281
116.008490 0.206994
116.008351 0.207133
116.008283 0.207201
116.008248 0.207236
116.008230 0.207254
116.008221 0.207264
116.008239 0.207246
116.008267 0.207218
116.008256 0.207228
116.008275 0.207209
116.008318 0.207167
116.008300 0.207184
116.008292 0.207193
116.008308 0.207176
116.008334 0.207150
116.008326 0.207158
116.008343 0.207142
116.008421 0.207063
116.008387 0.207097
116.008369 0.207115
116.008360 0.207124
116.008378 0.207107
116.008404 0.207080
116.008396 0.207089
116.008412 0.207072
116.008457 0.207027
116.008441 0.207044
116.008432 0.207053
116.008449 0.207035
116.008473 0.207011
116.008465 0.207019
116.008481 0.207003
116.008629 0.206856
116.008559 0.206925
116.008526 0.206959
116.008509 0.206976
116.008498 0.206986
116.008517 0.206967
116.008542 0.206942
116.008534 0.206950
116.008551 0.206933
116.008593 0.206891
116.008577 0.206908
116.008568 0.206917
116.008585 0.206899
116.008610 0.206874
116.008602 0.206882
116.008619 0.206866
116.008700 0.206784
116.008663 0.206821
116.008646 0.206838
116.008637 0.206847
116.008655 0.206830
116.008682 0.206802
116.008672 0.206813
116.008691 0.206794
116.008734 0.206751
116.008717 0.206767
116.008708 0.206776
116.008726 0.206759
116.008753 0.206732
116.008743 0.206742
116.008760 0.206724
116.008837 0.206647
116.008804 0.206680
116.008787 0.206697
116.008778 0.206707
116.008796 0.206689
116.008821 0.206663
116.008829 0.206655
116.009889 0.232306
116.009328 0.232868
116.009608 0.232588
116.009467 0.232728
116.009396 0.232799
116.009362 0.232833
116.009345 0.232851
116.009336 0.232859
116.009353 0.232842
116.009379 0.232816
116.009371 0.232824
116.009387 0.232808
116.009430 0.232766
116.009412 0.232783
116.009404 0.232791
116.009421 0.232774
116.009451 0.232745
116.009439 0.232757
116.009459 0.232736
116.009537 0.232658
116.009504 0.232691
116.009486 0.232709
116.009476 0.232719
116.009495 0.232701
116.009521 0.232674
116.009512 0.232683
116.009529 0.232666
116.009572 0.232623
116.009556 0.232640
116.009546 0.232649
116.009564 0.232631
116.009590 0.232606
116.009581 0.232615
116.009598 0.232597
116.009748 0.232447
116.009677 0.232518
116.009644 0.232552
116.009626 0.232570
116.009616 0.232579
116.009635 0.232560
116.009660 0.232535
116.009652 0.232543
116.009669 0.232527
116.009714 0.232481
116.009694 0.232502
116.009685 0.232510
116.009705 0.232490
116.009731 0.232464
116.009722 0.232473
116.009740 0.232455
116.009820 0.232376
116.009783 0.232412
116.009766 0.232429
116.009757 0.232438
116.009774 0.232421
116.009803 0.232393
116.009794 0.232402
116.009811 0.232384
116.009856 0.232340
116.009837 0.232358
116.009828 0.232367
116.009846 0.232349
116.009873 0.232322
116.009865 0.232331
116.009881 0.232315
116.009965 0.232230
116.009924 0.232271
116.009907 0.232289
116.009897 0.232298
116.009916 0.232280
116.009942 0.232254
116.009933 0.232262
116.009951 0.232245
116.009974 0.232384
116.010177 0.232181
116.010110 0.232248
116.010041 0.232318
116.010006 0.232352
116.009989 0.232370
116.009997 0.232361
116.010023 0.232335
116.010015 0.232344
116.010032 0.232327
116.010076 0.232283
116.010058 0.232300
116.010049 0.232309
116.010067 0.232292
116.010093 0.232266
116.010084 0.232274
116.010101 0.232257
116.010144 0.232215
116.010127 0.232231
116.010119 0.232240
116.010135 0.232223
116.010160 0.232198
116.010152 0.232206
116.010169 0.232190
116.010248 0.232110
116.010211 0.232147
116.010194 0.232164
116.010185 0.232173
116.010203 0.232155
116.010232 0.232127
116.010222 0.232136
116.010240 0.232118
116.010317 0.232041
116.010283 0.232075
116.010267 0.232092
116.010258 0.232101
116.010275 0.232083
116.010301 0.232058
116.010292 0.232067
116.010308 0.232050
116.010355 0.232003
116.010335 0.232023
116.010326 0.232032
116.010344 0.232014
116.010389 0.231970
116.010372 0.231986
116.010364 0.231995
116.010381 0.231978
116.010406 0.231952
116.010398 0.231960
116.010415 0.231944
116.010423 0.231935
116.011122 0.231322
116.010835 0.231609
116.010547 0.231897
116.010471 0.231973
116.010432 0.232012
116.010453 0.231992
116.010444 0.232001
116.010461 0.231983
116.010511 0.231933
116.010494 0.231951
116.010485 0.231959
116.010503 0.231942
116.010528 0.231916
116.010520 0.231924
116.010539 0.231906
116.010690 0.231755
116.010618 0.231826
116.010582 0.231862
116.010565 0.231880
116.010556 0.231889
116.010573 0.231871
116.010599 0.231845
116.010591 0.231854
116.010609 0.231835
116.010654 0.231791
116.010636 0.231808
116.010628 0.231817
116.010645 0.231799
116.010671 0.231773
116.010662 0.231782
116.010680 0.231764
116.010764 0.231680
116.010724 0.231720
116.010707 0.231738
116.010698 0.231746
116.010716 0.231729
116.010743 0.231702
116.010734 0.231710
116.010755 0.231690
116.010799 0.231645
116.010782 0.231662
116.010773 0.231671
116.010791 0.231654
116.010817 0.231627
116.010808 0.231636
116.010826 0.231618
116.010976 0.231468
116.010906 0.231538
116.010871 0.231573
116.010852 0.231592
116.010844 0.231601
116.010862 0.231582
116.010888 0.231556
116.010879 0.231565
116.010897 0.231547
116.010941 0.231503
116.010923 0.231521
116.010915 0.231529
116.010932 0.231512
116.010959 0.231485
116.010950 0.231494
116.010968 0.231477
116.011049 0.231395
116.011014 0.231430
116.010995 0.231449
116.010986 0.231458
116.011004 0.231441
116.011032 0.231412
116.011023 0.231421
116.011041 0.231404
116.011085 0.231359
116.011067 0.231377
116.011059 0.231385
116.011077 0.231368
116.011103 0.231341
116.011095 0.231349
116.011114 0.231331
116.011412 0.231032
116.011265 0.231180
116.011192 0.231252
116.011157 0.231287
116.011140 0.231305
116.011131 0.231314
116.011148 0.231296
116.011174 0.231270
116.011166 0.231279
116.011183 0.231261
116.011228 0.231216
116.011210 0.231234
116.011202 0.231243
116.011219 0.231225
116.011247 0.231197
116.011238 0.231206
116.011256 0.231189
116.011338 0.231106
116.011303 0.231141
116.011285 0.231159
116.011276 0.231169
116.011294 0.231150
116.011321 0.231123
116.011312 0.231132
116.011330 0.231115
116.011376 0.231068
116.011356 0.231088
116.011347 0.231097
116.011367 0.231077
116.011394 0.231050
116.011385 0.231059
116.011404 0.231041
116.011557 0.230887
116.011482 0.230962
116.011447 0.230997
116.011429 0.231015
116.011421 0.231023
116.011438 0.231006
116.011464 0.230980
116.011455 0.230989
116.011473 0.230971
116.011520 0.230924
116.011502 0.230942
116.011494 0.230951
116.011511 0.230933
116.011540 0.230905
116.011528 0.230917
116.011548 0.230896
116.011574 0.230870
116.011566 0.230879
116.011583 0.230861
116.011591 0.232803
116.011842 0.232552
116.011701 0.232693
116.011632 0.232762
116.011612 0.232782
116.011603 0.232791
116.011623 0.232771
116.011666 0.232728
116.011650 0.232744
116.011641 0.232753
116.011658 0.232736
116.011683 0.232710
116.011675 0.232719
116.011692 0.232702
116.011770 0.232624
116.011734 0.232660
116.011717 0.232677
116.011709 0.232685
116.011726 0.232668
116.011753 0.232641
116.011744 0.232649
116.011761 0.232632
116.011807 0.232587
116.011787 0.232606
116.011779 0.232615
116.011798 0.232595
116.011824 0.232569
116.011816 0.232578
116.011833 0.232560
116.011978 0.232416
116.011910 0.232483
116.011877 0.232517
116.011858 0.232536
116.011849 0.232544
116.011868 0.232526
116.011893 0.232501
116.011885 0.232508
116.011902 0.232492
116.011944 0.232449
116.011928 0.232466
116.011919 0.232474
116.011936 0.232458
116.011961 0.232433
116.011953 0.232441
116.011970 0.232424
116.012229 0.232165
116.012170 0.232224
116.011997 0.232397
116.011989 0.232405
116.012005 0.232389
116.012211 0.232182
116.012202 0.232192
116.012221 0.232173
116.012304 0.232090
116.012267 0.232127
116.012249 0.232144
116.012241 0.232153
116.012258 0.232135
116.012284 0.232110
116.012276 0.232118
116.012296 0.232098
116.012340 0.232054
116.012323 0.232071
116.012312 0.232081
116.012331 0.232063
116.012356 0.232038
116.012347 0.232046
116.012365 0.232029
115.886362 0.359930
115.836979 0.409313
115.836921 0.409371
115.837031 0.409261
115.912727 0.333566
115.912328 0.333964
115.911930 0.334363
115.912420 0.333872
115.945106 0.301186
115.918329 0.327964
115.958905 0.287388
115.958165 0.288127
115.962291 0.284001
115.964306 0.281986
115.836852 0.411865
115.837835 0.410881
115.855707 0.429729
115.858477 0.433823
115.864459 0.442177
115.870183 0.450939
115.876246 0.458888
115.881646 0.467351
115.884923 0.472041
115.887169 0.473786
115.886241 0.474714
115.889726 0.486331
115.895581 0.495850
115.901330 0.505445
115.906604 0.515536
115.911065 0.526408
115.911841 0.528730
115.912270 0.530043
115.912672 0.529641
115.918186 0.542217
115.918568 0.541835
115.930860 0.559536
115.929605 0.560791
115.935115 0.562689
115.943173 0.584978
115.944972 0.585992
115.957780 0.594124
115.957007 0.594896
115.958093 0.595983
115.958795 0.595281
115.960478 0.594767
115.962143 0.596843
115.962589 0.596398
115.964170 0.598232
115.964877 0.597525
116.563719 0.000714
117.258693 0.001596
117.259142 0.001189
117.260455 0.000269
117.344980 0.006660
117.344992 0.006654
117.345003 0.006647
117.345013 0.006642
117.345023 0.006637
117.350432 0.016921
117.367564 0.000485
117.515523 0.000716
117.516139 0.001186
117.517465 0.000039
117.519268 0.000042
117.553322 0.000947
117.554504 0.000266
117.555567 0.000283
117.555935 0.000276
117.572168 0.000323
117.574449 0.000399
117.574929 0.000268
117.576692 0.000261
117.603078 0.000095
117.603719 0.000062
117.629428 0.000167
117.630126 0.000069
117.641442 0.000129
117.641630 0.000078
117.641671 0.000062
117.641767 0.000415
121.090811 0.001058
121.090451 0.001419
121.091203 0.000666
121.091374 0.000495
121.089699 0.005759
122.716526 0.007252
122.780416 0.003833
122.840118 0.003444
122.876648 0.000221
122.876967 0.000094
122.877109 0.000086
122.877242 0.000089
122.877377 0.000124
122.877548 0.000093
122.877687 0.000089
122.877821 0.000087
122.877966 0.000138
122.878151 0.000093
122.878291 0.000088
122.878425 0.000089
122.878559 0.000140
122.878757 0.000091
122.878894 0.000089
122.879029 0.000089
122.879164 0.000125
122.879336 0.000092
122.879474 0.000088
122.879609 0.000088
122.879743 0.000126
122.879916 0.000092
122.880063 0.000088
122.880198 0.000088
122.880332 0.000142
122.880521 0.000090
122.880657 0.000089
122.880801 0.000094
122.880941 0.000145
122.881132 0.000091
122.881268 0.000090
122.881404 0.000089
122.881540 0.000121
122.881707 0.000089
122.881842 0.000086
122.881974 0.000091
122.882116 0.000127
122.882299 0.000090
122.882436 0.000088
122.882570 0.000091
122.882707 0.000140
122.882893 0.000086
122.883032 0.000090
122.883168 0.000087
122.883300 0.000140
122.883488 0.000087
122.883621 0.000090
122.883758 0.000087
