    0.008795833 13015568 13015600
    0.009200521 13015600 13015664
    0.009275000 13015664 13015792
    0.009668750 13015792 13015888
    0.010370312 12691016 12691272
    0.011192187 12704784 12705040
    0.011900521 12721280 12721536
    0.012633854 12738520 12738776
    0.013467708 12756968 12757224
    0.014210937 12774704 12774960
    0.014872917 12789568 12789824
    0.023399479 12697536 12697792
    0.024165104 12691720 12691976
    0.024804687 13062576 13062584
    0.025097396 12796288 12796392
    0.025112500 13014728 13014880
    0.025625521 13014968 13015224
    0.026311458 12690288 12690544
    0.026980208 12697216 12697472
    0.027579167 13062640 13062648
    0.027793750 12698176 12698432
    0.028395833 12690088 12690288
    0.028881771 13062560 13062568
    0.029272396 12697472 12697536
    0.029590625 12690656 12690912
    0.030165625 13062288 13062296
    0.030358854 12698872 12699128
    0.030940625 13062320 13062328
    0.031091146 13062400 13062408
    0.031317187 12699336 12699592
    0.031895312 13062432 13062440
    0.032078646 12699592 12699752
    0.032608854 12698632 12698872
    0.033170833 13062352 13062360
    0.033343750 12699136 12699336
    0.033845833 13062360 13062368
    0.033990625 13062384 13062392
    0.034157292 13062440 13062448
    0.034301042 13062496 13062504
    0.034494792 12699776 12700032
    0.035111458 13062664 13062672
    0.035270833 13062728 13062736
    0.035459375 13062752 13062760
    0.035630208 12698448 12698632
    0.036097396 13062744 13062752
    0.036285937 13062648 13062656
    0.036571354 12694840 12695096
    0.037254687 12695416 12695672
    0.037896875 12701112 12701368
    0.038477604 13062376 13062384
    0.038665104 13062528 13062536
    0.039066667 12700032 12700200
    0.039688542 13062536 13062544
    0.039893229 13062832 13062840
    0.040084375 13062736 13062744
    0.040270312 12699128 12699136
    0.040414583 13062344 13062352
    0.040583333 13062368 13062376
    0.040739583 13062392 13062400
    0.041073958 13062720 13062728
    0.041578125 13062824 13062832
    0.042002083 13062488 13062496
    0.042164583 13062312 13062320
    0.042330729 13062656 13062664
    0.042520312 13062336 13062344
    0.042813021 12696288 12696544
    0.043510937 13062856 13062864
    0.044185937 13062840 13062848
    0.044451562 13062296 13062304
    0.044658333 13062416 13062424
    0.045585937 13062424 13062432
    0.046216667 13062448 13062456
    0.046549479 12689488 12689744
    0.047371875 12696784 12697040
    0.048020312 12700952 12701112
    0.048619792 12691384 12691640
    0.049289583 12692480 12692736
    0.049927083 13062584 13062592
    0.050107812 12690912 12691016
    0.050470833 12692880 12693136
    0.051237500 13062624 13062632
    0.051478646 12694224 12694480
    0.052189062 12691640 12691720
    0.052531771 12689952 12690088
    0.053006771 12694008 12694224
    0.053630729 13062504 13062512
    0.053850521 13062552 13062560
    0.054083854 13062568 13062576
    0.054274479 13062672 13062680
    0.054534375 13062760 13062768
    0.055143229 13062864 13062872
    0.055532812 13062328 13062336
    0.055694792 13062456 13062464
    0.055839062 13062464 13062472
    0.055986458 13062520 13062528
    0.056195312 12700200 12700352
    0.057375521 13062808 13062816
    0.057641667 12698040 12698176
    0.058164062 12691976 12692232
    0.058270312 12694680 12694840
    0.061065625 13062304 13062312
    0.061644271 12699752 12699776
    0.062313021 13062480 13062488
    0.064607812 12700352 12700608
    0.065305729 12700696 12700952
    0.066484375 13062544 13062552
    0.066879687 12695680 12695936
    0.067501562 13062632 13062640
    0.068867708 13062512 13062520
    0.069133854 12692736 12692880
    0.070676562 12917880 12917912
    0.070998437 12918632 12918768
    0.071440104 12917960 12918216
    0.072210417 12917912 12917960
    0.073495833 12918216 12918472
    0.073660417 12918480 12918632
    0.075458333 12945096 12945128
    0.075763021 12946288 12946424
    0.076206250 12945128 12945352
    0.076829167 12945352 12945520
    0.077397917 12945520 12945776
    0.078981250 12945776 12946032
    0.079054687 12946072 12946288
    0.081130729 12986952 12986984
    0.081463542 12987112 12987248
    0.082352604 12986984 12987112
    0.083156250 13062928 13062936
    0.083442708 12692280 12692480
    0.083973437 13062776 13062784
    0.084213021 13062688 13062696
    0.084391146 13062592 13062600
    0.084568750 12690544 12690656
    0.088418750 12701368 12701448
    0.089050521 13062848 13062856
    0.089430729 13062768 13062776
    0.094967187 13062408 13062416
    0.095513542 13062472 13062480
    0.096054687 12697056 12697216
    0.097110417 12795800 12796032
    0.097739583 12729992 12730248
    0.098466146 12720880 12721136
    0.099283854 12721664 12721920
    0.099939583 12718464 12718720
    0.100525000 13014880 13014968
    0.100565104 13015224 13015288
    0.100623958 12720056 12720312
    0.101277604 12729680 12729936
    0.101857292 12718064 12718320
    0.102485417 12731816 12732072
    0.103145312 12733256 12733512
    0.103788542 12718720 12718856
    0.104246354 12731488 12731744
    0.104846354 12721536 12721664
    0.105285417 12731248 12731488
    0.105938542 12718880 12719136
    0.106527604 12729936 12729992
    0.106797917 12719136 12719304
    0.107319271 12722768 12723024
    0.108022917 12732072 12732240
    0.108716146 12696544 12696752
    0.109293750 13062784 13062792
    0.109514062 13062696 13062704
    0.109959375 12698432 12698448
    0.110247396 12696152 12696288
    0.111915104 12713680 12713936
    0.112600000 12704528 12704784
    0.113236458 12705312 12705568
    0.114060937 12702888 12703144
    0.114672917 12702064 12702320
    0.115303646 12712968 12713224
    0.115893229 12702320 12702472
    0.116369792 12701704 12701944
    0.116942708 12714856 12715112
    0.117545833 12714360 12714616
    0.118160417 12702472 12702728
    0.118244271 12703864 12704120
    0.118987500 12712824 12712968
    0.119447396 12715112 12715272
    0.119928125 12715272 12715456
    0.120435937 12701944 12702064
    0.120904687 12715456 12715632
    0.121404167 12715632 12715776
    0.121920312 12715784 12716040
    0.122515625 12716240 12716496
    0.123135937 12730512 12730768
    0.123708854 12721136 12721272
    0.124145833 12721920 12722104
    0.124758854 12719320 12719576
    0.125382812 12720312 12720544
    0.125941146 12732240 12732408
    0.126417708 12718320 12718464
    0.126879687 12732416 12732672
    0.127468750 12732744 12733000
    0.128356771 12718856 12718880
    0.128713021 12713224 12713384
    0.129254167 12714616 12714848
    0.129868750 12705040 12705192
    0.130366146 12713384 12713552
    0.130914583 12724952 12725208
    0.131529687 12708272 12708528
    0.132294792 12716096 12716240
    0.132969792 12704360 12704528
    0.133464583 12704192 12704360
    0.134017708 12720640 12720880
    0.134613021 12796032 12796288
    0.134689062 12748888 12749144
    0.135519271 12738216 12738472
    0.136105729 12739160 12739416
    0.136686458 12735544 12735800
    0.137305208 12737424 12737680
    0.137891667 12747976 12748232
    0.138465625 12735064 12735320
    0.139041667 12750272 12750528
    0.139671354 12749544 12749800
    0.140295312 12793760 12794016
    0.140894271 12789904 12790160
    0.141560417 12788400 12788656
    0.142170312 12789280 12789536
    0.142779687 12793016 12793272
    0.143364062 12788264 12788400
    0.143825000 12794120 12794376
    0.144417187 12794376 12794632
    0.144579687 12788656 12788856
    0.145443229 12789824 12789904
    0.145519792 12788920 12789176
    0.146118229 12794016 12794120
    0.146560937 12735808 12736064
    0.147119271 12735040 12735064
    0.147368229 12793272 12793528
    0.147425000 12748232 12748368
    0.148109375 12749928 12750184
    0.148722917 12736424 12736680
    0.149448437 12792120 12792376
    0.150175000 12742624 12742880
    0.151002604 12737736 12737992
    0.151821875 12783504 12783760
    0.152714062 12774328 12774584
    0.153314062 12775112 12775368
    0.153915625 12771952 12772208
    0.154515104 12773528 12773784
    0.155093229 12783120 12783376
    0.155688021 12771568 12771744
    0.156181250 12784640 12784896
    0.156841667 12772560 12772816
    0.157512500 12793528 12793704
    0.158014583 12789176 12789280
    0.158435937 12748440 12748696
    0.159018750 12738992 12739160
    0.159594271 12737224 12737424
    0.160144792 12736064 12736264
    0.160671875 12738776 12738968
    0.161439062 12788856 12788920
    0.161768750 12791016 12791272
    0.162620833 12697792 12697968
    0.163097917 12689744 12689904
    0.163543750 13062600 13062608
    0.163844792 12693216 12693472
    0.165442187 12724512 12724768
    0.166007812 13062792 13062800
    0.167402083 12783840 12784096
    0.168006771 12772816 12773024
    0.168528125 12783376 12783504
    0.168942187 12773784 12773920
    0.169352604 12771744 12771896
    0.169798958 12785496 12785752
    0.170390104 12785752 12785992
    0.170946354 12771896 12771952
    0.171211458 12786048 12786304
    0.171794792 12786504 12786760
    0.172402083 12772208 12772336
    0.172870312 12784896 12785144
    0.173475000 12785160 12785416
    0.174070833 12772384 12772560
    0.174611458 12772336 12772384
    0.174896875 12778024 12778280
    0.175612500 12786368 12786504
    0.176261979 12707936 12708192
    0.177050521 12766936 12767192
    0.177967187 12756688 12756944
    0.178587500 12757568 12757824
    0.179232812 12754960 12755216
    0.179828125 12754208 12754464
    0.180431771 12753640 12753856
    0.180985417 12767936 12768192
    0.181603646 12768232 12768488
    0.182216667 12755936 12756192
    0.182810417 12766072 12766328
    0.183382812 12753856 12754064
    0.183906771 12768888 12769144
    0.184488542 12768600 12768856
    0.185082292 12769224 12769480
    0.185653646 12754064 12754200
    0.186071875 12769728 12769984
    0.186691667 12766328 12766464
    0.187119792 12754464 12754600
    0.187520833 12754600 12754784
    0.188113021 12760968 12761224
    0.188767708 12768488 12768600
    0.189218750 12756488 12756688
    0.189851562 12754784 12754960
    0.190352604 12766520 12766776
    0.190927604 12697968 12698040
    0.191587500 12757224 12757384
    0.192396354 12784096 12784320
    0.192936458 12774584 12774704
    0.193282292 12775368 12775584
    0.193853646 12773024 12773152
    0.194260417 12785416 12785496
    0.194709375 12778920 12779176
    0.195337500 12785144 12785160
    0.195412500 12774056 12774312
    0.196009375 12774960 12775112
    0.196563021 12769480 12769688
    0.197342187 12749800 12749928
    0.197760937 12750528 12750704
    0.198241667 12750704 12750840
    0.198601562 12735320 12735480
    0.199051562 12750856 12751112
    0.199678125 12751224 12751480
    0.200256250 12735480 12735544
    0.200570312 12751480 12751608
    0.200941146 12751720 12751976
    0.201572396 12735800 12735808
    0.201796354 12750840 12750856
    0.202113542 12751608 12751720
    0.202534375 12730248 12730432
    0.203118750 12737992 12738216
    0.204593750 12693472 12693728
    0.215811979 12324888 12324896
    0.216129167 13013576 13013832
    0.217053125 12988048 12988304
    0.218118750 12987616 12987872
    0.221695312 13062608 13062616
    0.236466146 12757392 12757568
    0.236982812 12754200 12754208
    0.237179167 12755728 12755936
    0.237730729 12759440 12759696
    0.238343229 12732408 12732416
    0.238397917 12705192 12705312
    0.238806771 12703640 12703864
    0.239343750 12702728 12702872
    0.239810937 12706264 12706520
    0.241519271 13062816 13062824
    0.242301042 12733120 12733256
    0.242777083 12719304 12719320
    0.245691146 12751112 12751224
    0.246146875 12740296 12740552
    0.252814062 12987872 12988032
    0.253736458 12736912 12737168
    0.255065104 12767688 12767936
    0.255715625 12758688 12758944
    0.256338021 12767216 12767472
    0.256957812 12775584 12775776
    0.257534896 12773208 12773464
    0.258154687 12780600 12780856
    0.258785937 12749208 12749464
    0.259372917 12739416 12739544
    0.259786458 12736680 12736896
    0.260313542 12737680 12737736
    0.260560937 12738968 12738992
    0.260627604 12731112 12731248
    0.261111979 12722112 12722368
    0.261869271 12743808 12744064
    0.262627083 12747752 12747976
    0.263636979 12789536 12789568
    0.263958854 12790256 12790512
    0.264773958 12794632 12794760
    0.265218229 12794776 12795032
    0.266122396 13062704 13062712
    0.266742187 13062712 13062720
    0.267819271 12984432 12984464
    0.268106771 12984824 12984960
    0.268650521 12984464 12984688
    0.269251562 12984688 12984824
    0.270234375 12736264 12736400
    0.271449479 12694480 12694624
    0.272638021 12757832 12758088
    0.273233333 12756240 12756488
    0.273848437 12705568 12705808
    0.274531771 12703328 12703584
    0.275130729 12733000 12733120
    0.275574479 12710312 12710568
    0.276211458 12738472 12738520
    0.276455208 12739544 12739672
    0.276986979 12744984 12745240
    0.277716146 12750184 12750272
    0.278080208 12731744 12731816
    0.278907812 12763416 12763672
    0.279609896 12730768 12730952
    0.280085417 12739672 12739856
    0.280809896 12691272 12691384
    0.280926042 12747344 12747600
    0.281614062 12759696 12759856
    0.282200521 12794760 12794776
    0.282468750 12689904 12689952
    0.283072917 12742168 12742424
    0.283662500 12753000 12753256
    0.284324479 12745784 12746040
    0.284993750 12711088 12711344
    0.285641146 12792432 12792688
    0.286296354 12702872 12702888
    0.286367708 12707200 12707456
    0.287232812 12790880 12791016
    0.287892708 12775776 12775928
    0.288367187 12730432 12730512
    0.288448437 12782616 12782872
    0.289105729 12748736 12748888
    0.290139583 12760552 12760808
    0.291051562 12721272 12721280
    0.291095833 12720544 12720640
    0.291669792 12784320 12784464
    0.292328125 12719576 12719768
    0.292867187 12725952 12726208
    0.293919271 12713936 12714136
    0.294716667 12773920 12774056
    0.295435937 12703144 12703272
    0.295903125 12708960 12709216
    0.296860417 12784464 12784640
    0.297027604 12779176 12779400
    0.297806771 12708784 12708960
    0.298498958 12743408 12743664
    0.299252083 12791336 12791592
    0.299888542 12705808 12705968
    0.300519271 12712264 12712520
    0.301440104 12747600 12747752
    0.302071875 12773152 12773208
    0.302409896 12749464 12749544
    0.302772917 12780000 12780256
    0.303411979 12767472 12767616
    0.303926562 12762488 12762744
    0.304555208 12714136 12714320
    0.305023958 12704120 12704192
    0.305348437 12755272 12755528
    0.306321875 12761224 12761424
    0.306875000 12742880 12743104
    0.307730729 12778672 12778920
    0.308432292 12783760 12783840
    0.308544792 12777344 12777600
    0.309173958 12759856 12760032
    0.309754687 12741400 12741656
    0.310369271 12736400 12736424
    0.310884896 12732672 12732744
    0.314512500 12723224 12723480
    0.315273958 12776392 12776648
    0.315983333 12740816 12741072
    0.316610937 12776784 12777040
    0.317281771 12723024 12723224
    0.317879687 12740560 12740816
    0.318653646 12706616 12706872
    0.319310417 12777040 12777176
    0.319869271 12723480 12723624
    0.320468750 12740552 12740560
    0.320583854 12758944 12759176
    0.321685937 12713552 12713680
    0.321804687 12759216 12759440
    0.322424479 12706520 12706616
    0.323008333 12706888 12707144
    0.323660937 12790512 12790656
    0.325211458 12776648 12776784
    0.326136979 12759176 12759216
    0.326934896 13062912 13062920
    0.327718750 12707144 12707200
    0.327879167 13013832 13014088
    0.328340104 12706872 12706888
    0.329225000 12741072 12741256
    0.331219792 12695672 12695680
    0.332980208 12777176 12777344
    0.335205208 12790656 12790880
    0.340778125 12723624 12723880
    0.344501562 12767616 12767688
    0.349250521 12730960 12731112
    0.351084375 12741256 12741400
    0.367143229 12766464 12766520
    0.372121354 12689408 12689488
    0.373525521 12785992 12786048
    0.373970833 12727992 12728248
    0.393816667 13062680 13062688
    0.396377604 12904088 12904096
    0.397210937 12988464 12988472
    0.398284896 12719768 12720016
    0.398929687 12727224 12727480
    0.399850000 12758088 12758272
    0.400099479 12903544 12903552
    0.400517708 12765624 12765880
    0.400831250 12737168 12737224
    0.401397917 12786304 12786368
    0.402495312 12781832 12782088
    0.402854687 12693872 12694008
    0.403278125 12711416 12711672
    0.403554687 12724808 12724952
    0.403996354 12746280 12746536
    0.404220833 12725584 12725840
    0.404386979 12725312 12725568
    0.404770312 12728440 12728696
    0.405309896 12755216 12755272
    0.405407292 12757384 12757392
    0.405464583 13062872 13062880
    0.405631771 12761656 12761912
    0.405821875 12695152 12695408
    0.405866146 13014176 13014432
    0.406047917 12779400 12779552
    0.406484896 13062880 13062888
    0.406834375 13014432 13014584
    0.407307292 12692232 12692280
    0.407492708 12776208 12776392
    0.407528646 12756944 12756968
    0.407605208 12714320 12714360
    0.407624479 13011576 13011832
    0.408376562 12694624 12694680
    0.409149479 12703584 12703640
    0.409398958 12765280 12765536
    0.409443750 12799840 12799872
    0.409816667 12712520 12712776
    0.409940625 12906728 12906864
    0.410672396 12906496 12906624
    0.410688021 12799872 12800000
    0.411160417 12903632 12903640
    0.411236979 12906624 12906728
    0.411674479 12996320 12996328
    0.411700521 12751976 12752232
    0.412441667 12752232 12752368
    0.413107292 12700608 12700696
    0.413388542 12695936 12696136
    0.413748958 13106376 13106384
    0.413845312 12769144 12769224
    0.414102083 12989032 12989040
    0.414338542 12723880 12724136
    0.414466667 13062800 13062808
    0.414968750 13062936 13062944
    0.415478646 12999440 12999472
    0.416095312 12943416 12943448
    0.416346875 12944696 12944832
    0.416515104 12786760 12787016
    0.416824479 12722368 12722512
    0.416841667 12943448 12943672
    0.417313542 12729056 12729312
    0.417588021 12943672 12943928
    0.417983333 12943928 12944184
    0.418528646 12747128 12747344
    0.419021875 12903608 12903616
    0.419081771 12944432 12944688
    0.419440625 13092512 13092520
    0.419774479 12944272 12944432
    0.420259896 12944184 12944272
    0.420999479 12715776 12715784
    0.421378646 12712776 12712824
    0.422127604 12903536 12903544
    0.423130208 12959944 12959976
    0.423457812 12960768 12960904
    0.423928646 12959976 12960200
    0.424104687 12903136 12903144
    0.424707812 12960200 12960456
    0.424838021 12904912 12904920
    0.425486979 12960456 12960712
    0.426222917 12960712 12960768
    0.427077083 12716040 12716096
    0.427126562 12755528 12755728
    0.428052604 12764288 12764544
    0.428841146 12795032 12795288
    0.429195312 12904296 12904304
    0.429536458 12904176 12904296
    0.429553646 12904304 12904432
    0.431326562 12988968 12988976
    0.432205208 12769688 12769728
    0.433027604 12904488 12904496
    0.433247917 12904496 12904624
    0.433264062 12904432 12904488
    0.434216146 12988920 12988928
    0.434511458 12997344 12997352
    0.435358854 12994128 12994136
    0.436048437 12994104 12994112
    0.436525521 12988616 12988624
    0.437197917 12903144 12903152
    0.437783333 12903704 12903712
    0.438208333 12804536 12804544
    0.440239062 12905608 12905616
    0.440516667 12905616 12905744
    0.440534896 12905488 12905608
    0.440855208 12958080 12958112
    0.441205729 12959808 12959944
    0.441679167 12958112 12958336
    0.442323958 12768856 12768888
    0.442550521 12958336 12958592
    0.442819271 12959576 12959808
    0.443399479 12959032 12959288
    0.444035937 12959288 12959536
    0.444780208 12959536 12959576
    0.445908333 12958592 12958800
    0.448537500 12760032 12760288
    0.488010937 12764544 12764800
    0.488138542 12781384 12781640
    0.491436979 13062896 13062904
    0.496152604 12693136 12693216
    0.499186979 12773464 12773528
    0.500101042 12717504 12717760
    0.500920833 12709216 12709432
    0.502798437 12950920 12950952
    0.503093750 12957448 12957592
    0.503528646 12950952 12951208
    0.504197917 12951208 12951464
    0.504265104 12957240 12957448
    0.505840625 12954360 12954616
    0.506487500 12956376 12956632
    0.507134375 12954040 12954296
    0.507796354 12956632 12956816
    0.508315104 12954616 12954872
    0.508425000 12951648 12951904
    0.509129167 12954296 12954360
    0.509507812 12956048 12956304
    0.510095312 12951904 12952128
    0.510792708 12952968 12953224
    0.511379687 12953224 12953456
    0.512094271 12953904 12954040
    0.512635417 12951464 12951648
    0.513151562 12954872 12955112
    0.514336979 12771088 12771312
    0.514909896 12770800 12771056
    0.516681250 12952296 12952552
    0.519584896 12953512 12953768
    0.521177083 12956920 12957176
    0.522218229 12957176 12957240
    0.522340625 12749144 12749208
    0.522665104 12767192 12767216
    0.523097396 12756192 12756240
    0.523633854 12743192 12743408
    0.524506250 12782088 12782224
    0.537311979 12778504 12778672
    0.537961979 13062616 13062624
    0.538088021 12709848 12710104
    0.538929167 12760808 12760968
    0.539486979 12729312 12729560
    0.540119271 12703272 12703328
    0.540265104 12708632 12708784
    0.540353646 12730952 12730960
    0.540415625 12725208 12725312
    0.540637500 12710136 12710312
    0.540927083 12793704 12793760
    0.540964583 12757824 12757832
    0.541214583 12726896 12727152
    0.541254167 12761448 12761656
    0.541691667 12707520 12707776
    0.543079687 12693736 12693872
    0.543118750 12741656 12741912
    0.543151562 12779632 12779888
    0.543204687 12792824 12793016
    0.544684896 12780256 12780416
    0.544706771 12766776 12766920
    0.545044792 12947416 12947448
    0.545336458 12948184 12948320
    0.545524479 12746840 12747096
    0.545573437 12765536 12765624
    0.546347396 12782352 12782608
    0.546521354 12947448 12947704
    0.546794271 12948016 12948184
    0.547450000 12711880 12712136
    0.547600000 12947704 12947960
    0.548658333 12765112 12765280
    0.548761458 12761912 12762096
    0.549623958 12720016 12720056
    0.551518750 12909808 12909840
    0.551903646 12911344 12911480
    0.552549479 12909840 12910096
    0.552934375 12910096 12910352
    0.553200000 12911144 12911344
    0.554170833 12910352 12910608
    0.554989062 12910744 12911000
    0.555897917 12910608 12910744
    0.556993229 12911000 12911128
    0.559161979 12695096 12695152
    0.559319792 12728880 12729056
    0.560054687 12805352 12805360
    0.560162500 12758336 12758592
    0.560278646 12791872 12792120
    0.560787500 13062920 13062928
    0.561606771 12808280 12808288
    0.561710937 12722536 12722768
    0.561840625 12726536 12726792
    0.562130208 12708528 12708632
    0.562225521 12779552 12779632
    0.562907812 12808160 12808280
    0.562931771 12808288 12808416
    0.564047396 12743672 12743808
    0.564836458 12791592 12791736
    0.565010417 12725840 12725952
    0.566956250 12762152 12762408
    0.566981250 12770152 12770408
    0.567321354 12808416 12808672
    0.568022396 12742424 12742624
    0.569388542 12808672 12808928
    0.570463021 12708192 12708272
    0.572029167 12768192 12768232
    0.579100000 12808928 12809184
    0.582683854 12809184 12809440
    0.585959896 12809440 12809696
    0.588441146 12809696 12809952
    0.592375521 12809952 12810208
    0.595334896 12810208 12810464
    0.597786458 12810464 12810720
    0.600374479 12729560 12729680
    0.600428646 12810720 12810976
    0.602789583 12810976 12811232
    0.606300000 12811232 12811488
    0.609338021 12811488 12811744
    0.612376042 12811744 12812000
    0.615107812 12812000 12812256
    0.619261979 12965152 12965184
    0.619717187 12969192 12969336
    0.620258854 12965184 12965440
    0.621235417 12969056 12969192
    0.621780208 12965440 12965696
    0.624874479 12722104 12722112
    0.625347917 12778280 12778504
    0.628210417 12707456 12707520
    0.629502604 13103944 13103952
    0.629696354 13103992 13104000
    0.630618750 13103984 13103992
    0.630777083 13103952 13103960
    0.634331250 12980488 12980520
    0.634676562 12983256 12983392
    0.635188021 12980536 12980792
    0.635843750 12981080 12981336
    0.637498958 12981336 12981464
    0.637900000 12904872 12904880
    0.638034896 12980520 12980536
    0.638102604 12980824 12981080
    0.638723437 12981464 12981720
    0.638878646 12980792 12980824
    0.639817187 12982840 12983096
    0.640242187 13062984 13062992
    0.640416146 13062960 13062968
    0.640476562 12982648 12982840
    0.640557292 13062968 13062976
    0.640897917 13062976 13062984
    0.641227604 12983096 12983256
    0.641339062 12982080 12982336
    0.642971875 12997976 12997984
    0.644253646 12906864 12906896
    0.644547917 12907112 12907248
    0.645043229 12906896 12907112
    0.648565104 12941880 12941912
    0.649133854 12943128 12943264
    0.649745833 12941912 12942136
    0.649953646 12997856 12997976
    0.649972396 12997984 12998112
    0.650316146 12942136 12942328
    0.651269271 12942328 12942584
    0.651871875 12942840 12943096
    0.652583854 12942584 12942840
    0.654367187 12943096 12943128
    0.660188021 12946424 12946456
    0.660556250 12947112 12947248
    0.661186979 12946456 12946712
    0.661812500 12998112 12998368
    0.662421875 12946712 12946968
    0.662508333 12946976 12947112
    0.665502604 12716496 12716744
    0.666434896 12733512 12733656
    0.666794271 12998368 12998488
    0.666973958 12716744 12716912
    0.682468750 12787456 12787712
    0.683955729 12770656 12770800
    0.685067187 12714848 12714856
    0.685326562 12717328 12717504
    0.685941666 12752720 12752976
    0.686574479 12787864 12788008
    0.687279166 12734128 12734384
    0.687983333 12753256 12753384
    0.688425000 12717760 12717808
    0.688983854 12734576 12734784
    0.689712500 12795352 12795552
    0.689738541 12987248 12987304
    0.700000000 12707776 12707936
    0.701365625 12780416 12780600
    0.701468229 13014584 13014728
    0.702029687 13013344 13013576
    0.702122396 12736896 12736912
    0.702521354 12744696 12744952
    0.704659375 12724768 12724808
    0.708046354 12943264 12943296
    0.708307291 12943296 12943416
    0.711143750 12765880 12766072
    0.712151562 12744360 12744616
    0.713422396 12709432 12709664
    0.714165625 12791736 12791872
    0.714673437 12744064 12744224
    0.736729687 12762864 12763120
    0.748794271 12761424 12761448
    0.749368229 12791272 12791336
    0.750816146 13092520 13092528
    0.752849479 12693728 12693736
    0.753205729 13092528 13092536
    0.754810937 13092536 13092544
    0.754980208 13092544 13092552
    0.755169271 13092552 13092560
    0.755309896 13092560 13092568
    0.755434375 13092568 13092576
    0.755553125 13092576 13092584
    0.755711979 13092584 13092592
    0.755831771 13092592 13092600
    0.755951041 13092600 13092608
    0.756070833 13092608 13092616
    0.756137500 12725568 12725584
    0.756253125 13092616 13092624
    0.756667708 13092624 13092632
    0.756794791 13092632 13092640
    0.757001562 13092640 13092648
    0.757249479 13092648 13092656
    0.757382812 13092656 13092664
    0.757571875 13092664 13092672
    0.758366146 13092672 13092680
    0.758557812 13092680 13092688
    0.758708333 13092688 13092696
    0.758849479 13092696 13092704
    0.758983333 13092704 13092712
    0.759159375 13092712 13092720
    0.759273958 13092720 13092728
    0.759392187 13092728 13092736
    0.759512500 13092736 13092744
    0.759665104 13092744 13092752
    0.760035416 13092752 13092760
    0.760159896 13092760 13092768
    0.760279166 13092768 13092776
    0.760499479 13092776 13092784
    0.760623437 13092784 13092792
    0.760741146 13092792 13092800
    0.760893750 13092800 13092808
    0.761089062 13092808 13092816
    0.761209375 13092816 13092824
    0.761570312 13092824 13092832
    0.761686458 13092832 13092840
    0.761840625 13092840 13092848
    0.761957291 13092848 13092856
    0.762069791 13092856 13092864
    0.762185937 13092864 13092872
    0.762561458 13092872 13092880
    0.762684896 13092880 13092888
    0.762798437 13092888 13092896
    0.762918229 13092896 13092904
    0.763102083 13092904 13092912
    0.763218750 13092912 13092920
    0.763338541 13092920 13092928
    0.763513021 13092928 13092936
    0.763675521 13092936 13092944
    0.763792708 13092944 13092952
    0.763902083 13092952 13092960
    0.764013541 13092960 13092968
    0.764162500 13092968 13092976
    0.764279687 13092976 13092984
    0.764391666 13092984 13092992
    0.764501562 13092992 13093000
    0.764823958 13093000 13093008
    0.764946354 13093008 13093016
    0.765062500 13093016 13093024
    0.765179687 13093024 13093032
    0.765346875 13093032 13093040
    0.765620312 13093040 13093048
    0.765803646 13093048 13093056
    0.765927604 13093056 13093064
    0.766092187 13093064 13093072
    0.766206771 13093072 13093080
    0.766316666 13093080 13093088
    0.766433854 13093088 13093096
    0.766595833 13093096 13093104
    0.766788541 13093104 13093112
    0.766929166 13093112 13093120
    0.767248437 13093120 13093128
    0.767450000 13093128 13093136
    0.767618750 13093136 13093144
    0.767739583 13093144 13093152
    0.767856771 13093152 13093160
    0.768026562 13093160 13093168
    0.768182291 13093168 13093176
    0.768438541 13029376 13029504
    0.769078646 13029504 13029760
    0.769903646 13029760 13030016
    0.771240104 13030016 13030208
    0.771269271 12800000 12800064
    0.772560416 12800064 12800320
    0.773883854 12800320 12800576
    0.775185416 12800576 12800832
    0.780880208 12988304 12988416
    0.780912500 13008896 13008928
    0.792631250 13014088 13014176
    0.865244791 12790160 12790256
    0.865705208 12777600 12777816
    0.866722396 12724136 12724272
    0.871292708 12777816 12778024
    0.872086979 12801936 12801944
    0.872742708 12724272 12724512
    0.872766146 12801816 12801936
    0.872783854 12801944 12802072
    0.873834896 12802072 12802328
    0.874280208 12748696 12748736
    0.874528125 12748368 12748440
    0.875177604 12760368 12760552
    0.875414062 12802328 12802584
    0.875828125 12766920 12766936
    0.879629166 12802584 12802840
    0.883971354 12802840 12803096
    0.887081771 12803096 12803352
    0.888956771 13010776 13011032
    0.893954687 12803352 12803608
    0.896803646 12803608 12803864
    0.899673958 12803864 12804120
    0.901976041 12800952 12800960
    0.902671875 12800960 12801088
    0.902697396 12800832 12800952
    0.904091666 12801088 12801344
    0.905457291 12801344 12801600
    0.907949479 12801600 12801816
    1.045653125 13472992 13473000
    1.045964062 13473000 13473008
    1.046113021 13473008 13473016
    1.046304687 13473016 13473024
    1.046443229 13473024 13473032
    1.046577083 13473032 13473040
    1.046711979 13473040 13473048
    1.046884375 13473048 13473056
    1.392671354 12952832 12952968
    4.908982291 12898088 12898096
    7.355303124 12764800 12764936
    7.363781770 13062904 13062912
    7.364286978 12695408 12695416
    7.373318228 13062888 13062896
    7.374949999 12903352 12903360
    7.380180207 12903184 12903192
    7.390107811 12745392 12745648
    7.394490103 12769984 12770152
    7.397227082 12988624 12988632
    7.397828645 12903128 12903136
    7.398543228 12771056 12771088
    7.399025520 12787712 12787864
    7.403537499 12795288 12795352
    7.414346874 12787248 12787456
    7.419436457 12752368 12752624
    7.425387499 13062952 13062960
    7.426412499 13062992 13063000
    7.426569270 13063000 13063008
    7.426669270 13063008 13063016
    7.426820311 13063016 13063024
    7.426927603 13063024 13063032
    7.442591145 12905472 12905480
    7.443100520 12905480 12905488
    7.443109374 12905352 12905472
    7.478993228 12898136 12898144
    7.574148436 12960904 12960936
    7.574471353 12964728 12964864
    7.574898436 12960936 12961192
    7.575088540 12964584 12964728
    7.575593749 12961192 12961448
    7.576502603 12962728 12962984
    7.577091665 12963872 12964128
    7.577931249 12961448 12961704
    7.578030728 12962504 12962728
    7.578945311 12961704 12961872
    7.579462499 12964128 12964384
    7.579531249 12964384 12964584
    7.580748436 12962120 12962376
    7.582410415 12962984 12963128
    7.587642186 12734408 12734576
    7.588645311 12961872 12962088
    7.621791145 12782960 12783120
    7.768231770 12733656 12733912
    7.771201040 12962376 12962504
    7.777776040 12962088 12962120
    7.782879686 12963128 12963384
    7.834290103 12958800 12959000
    7.836024478 12959000 12959032
    7.892186978 12727824 12727992
    7.892802603 12781248 12781384
    7.893272395 12764032 12764288
    7.902085415 12947960 12948016
    8.014972395 12963384 12963640
    8.015782290 12963640 12963776
    8.016311457 12963776 12963872
    8.218808853 12763816 12764032
    8.219657811 12727616 12727824
    8.234448436 12770408 12770640
    8.235142707 12787112 12787248
    8.248088020 13012104 13012360
    8.264903124 13010584 13010776
    8.321879165 13012496 13012752
    8.323579686 13008928 13009096
    8.340781769 12733912 12734128
    9.360281249 13009296 13009552
    9.366145832 13010176 13010432
    9.447721353 12760288 12760368
    9.477754686 12903760 12903768
    9.480537498 12988720 12988728
    9.480882290 12903208 12903216
    9.483157290 12988736 12988744
    9.483479165 12995480 12995488
    9.484740103 12903640 12903648
    9.485287498 12705968 12706224
    9.490362498 12988808 12988816
    9.491670832 12728248 12728440
    9.494909894 12903520 12903536
    9.494929686 12903552 12903608
    9.494939582 12903616 12903632
    9.494945311 12903648 12903704
    9.494954686 12903712 12903760
    9.494963019 12903768 12903776
    9.506483332 12904032 12904040
    9.507284373 12993936 12993944
    9.511057290 12906368 12906376
    9.514002082 12792688 12792824
    9.514510415 12758272 12758336
    9.515327603 12722512 12722536
    9.517280728 12775928 12776056
    9.518880207 12712136 12712264
    9.520153644 12739856 12739992
    9.522499998 12728696 12728880
    9.527246873 12903464 12903472
    9.532627603 12782224 12782352
    9.536546873 12734384 12734408
    9.637807811 12898128 12898136
   13.671425519 12988032 12988048
   16.575578643 12781640 12781832
   16.577537497 12746040 12746280
   16.580154685 12991264 12991272
   16.580731768 12991272 12991400
   16.580760935 12991144 12991264
   16.582416664 12997224 12997344
   16.582444789 12997352 12997480
   16.596541143 12710872 12711088
   16.729931768 12696136 12696152
   16.790799997 13011416 13011576
   20.524092705 12763672 12763816
   20.527657288 12716912 12717048
   20.669604684 12745240 12745392
   20.670593226 12780856 12781000
   20.672217705 13011152 13011408
   24.780474475 12948320 12948352
   24.780823434 12949552 12949688
   24.781368746 12948352 12948608
   24.782385413 12948648 12948904
   24.783052079 12949392 12949552
   24.783604163 12948904 12949088
   24.784200517 12948608 12948648
   24.784252079 12949088 12949216
   24.784817704 12949216 12949384
   24.793594788 12949384 12949392
   25.073922392 12746536 12746792
   25.077985413 12988912 12988920
   25.081754684 12988840 12988848
   25.085576559 12988472 12988480
   25.085902600 12989016 12989024
   25.086935934 12898144 12898168
   68.646603635 13009664 13009920
   68.648633323 13013144 13013344
   68.670726031 12990592 12990600
   68.691485927 12903928 12903936
   68.696355719 12988952 12988960
   93.450362486 12727480 12727616
   93.452589569 12727152 12727224
   93.566918215 12747096 12747128
   93.567859881 12774312 12774328
   93.569221340 12711688 12711880
   93.569852590 12764936 12765112
   93.661231756 13103272 13103280
   93.661456756 13103360 13103368
   93.661662486 13103352 13103360
   93.661779152 13103288 13103296
   93.662211444 13103280 13103288
   93.662450506 13103296 13103304
   93.662579152 13103304 13103312
   93.662704673 13103312 13103320
   93.670885402 12968344 12968600
   93.671525506 12965984 12966240
   93.672147902 12967520 12967776
   93.672730194 12968784 12969040
   93.673318736 12967136 12967392
   93.673886965 12965696 12965848
   93.832785402 13091912 13091920
   93.847059361 12763120 12763256
   93.848020819 12744952 12744984
   93.862521861 12904848 12904856
   93.864232798 12904856 12904872
   93.864250506 12904880 12904888
   93.872512486 12988704 12988712
   93.873999986 12988960 12988968
   93.889797902 12904888 12904912
   93.889819777 12904920 12904952
   93.893924465 12989072 12989080
   93.895562486 12989064 12989072
   93.898909361 12988856 12988864
   93.902179673 12903448 12903456
   93.903639569 12988880 12988888
   93.903942694 12990456 12990464
   94.025551548 12996224 12996232
   94.027746861 13062944 13062952
   94.034404152 12996248 12996256
   94.050833840 12953456 12953512
   94.085830194 12763256 12763416
   94.102805715 12904840 12904848
   94.107168736 12717144 12717328
   94.131279152 13012360 13012496
   94.134329673 13012944 13013144
   94.135677069 13011832 13012024
   94.137353111 13009552 13009664
   94.153157277 12903776 12903920
   94.496126548 12953768 12953904
   94.498070298 12956816 12956920
   94.505965611 12952552 12952744
   94.558278111 12741936 12742168
   94.591151548 12952128 12952296
   94.617436444 13010432 13010584
   95.437946340 12804592 12804600
   95.438577590 12804600 12804728
   95.438599985 12804544 12804592
   95.438610923 12804472 12804536
   95.539669256 12782872 12782960
   95.540284881 12710568 12710768
  118.941148419 13011032 13011152
  130.567999459 12903408 12903416
  130.568349980 12903416 12903448
  130.568360397 12903456 12903464
  130.568366647 12903472 12903520
  130.568378105 12903360 12903408
  130.568386959 12903344 12903352
  130.568392688 12903288 12903296
  131.184695292 12697040 12697056
  131.258067167 12726208 12726448
  131.258930709 12762408 12762488
  131.259267167 12726792 12726896
  131.259830188 12779888 12780000
  131.266015605 12911792 12911824
  131.266339563 12912000 12912136
  131.267193209 12911824 12912000
  131.276452063 12762744 12762864
  131.279397897 12744616 12744696
  131.282088001 12710104 12710136
  131.290335917 12978520 12978552
  131.290742688 12980352 12980488
  131.291931751 12979016 12979272
  131.292946334 12979272 12979528
  131.293119251 12978552 12978800
  131.294003105 12978832 12979016
  131.294856230 12978800 12978832
  131.295833834 12980064 12980320
  131.297536959 12979920 12980064
  131.303779147 12979528 12979672
  131.304452063 12979672 12979920
  131.308289042 12912136 12912168
  131.308791647 12912616 12912752
  131.309797897 12912168 12912392
  131.311509355 12912392 12912616
  131.337371855 12743104 12743192
  131.357551542 12762096 12762152
  131.370855188 12781000 12781248
  131.519797376 12743664 12743672
  131.875171855 12717048 12717144
  132.091769251 12745648 12745784
  132.100982271 12758592 12758688
  132.101821334 12740080 12740296
  132.102055188 12787016 12787112
  132.102830709 12706224 12706264
  132.121937480 12744224 12744360
  132.124274980 12726448 12726536
  132.138452584 12711672 12711688
  132.144576021 13092080 13092088
  132.158230709 12792376 12792432
  132.228901542 12739992 12740080
  132.387978105 12776056 12776208
  132.453608313 12991760 12991768
  132.517183313 12741912 12741936
  132.617174980 12804144 12804152
  132.617969251 12804152 12804280
  132.618001542 12804120 12804144
  132.626881751 12804280 12804472
  132.629414042 12804728 12804792
  132.694161438 12816288 12816296
  132.696554146 13091920 13091928
  132.706223938 13091928 13091936
  132.706534876 13091936 13091944
  132.706797376 13091944 13091952
  132.706943730 13091952 13091960
  132.707113521 13091960 13091968
  132.707607792 13091968 13091976
  132.707962480 13091976 13091984
  132.751952063 13092192 13092200
  132.761337480 13092200 13092208
  132.761794771 13092208 13092216
  132.761980188 13092216 13092224
  132.762136959 13092224 13092232
  132.762326021 13092232 13092240
  132.762484355 13092240 13092248
  132.762621334 13092248 13092256
  132.762743209 13092256 13092264
  132.763011959 13092264 13092272
  132.763143209 13092272 13092280
  132.763271334 13092280 13092288
  132.763390605 13092288 13092296
  132.763566646 13092296 13092304
  132.764058313 13092304 13092312
  132.764183834 13092312 13092320
  132.764538521 13092320 13092328
  132.766351542 13092328 13092336
  132.767594771 13092336 13092344
  132.767741126 13092344 13092352
  132.767874980 13092352 13092360
  132.768127584 13092360 13092368
  132.768271334 13092368 13092376
  132.769458834 13092376 13092384
  132.770443730 13092384 13092392
  132.771980188 13092392 13092400
  132.772165605 13092400 13092408
  132.772356230 13092408 13092416
  132.772522896 13092416 13092424
  132.772955188 13092424 13092432
  132.773122896 13092432 13092440
  132.773271334 13092440 13092448
  132.773453105 13092448 13092456
  132.775710917 13092456 13092464
  132.775915605 13092464 13092472
  132.776077063 13092472 13092480
  132.776223938 13092480 13092488
  132.776407792 13092488 13092496
  132.776555188 13092496 13092504
  132.776674980 13092504 13092512
  132.986354667 12816304 12816312
  132.987046334 12816312 12816440
  132.987076542 12816296 12816304
  132.987088521 12816184 12816288
  132.988081750 12816440 12816696
  132.989958313 12816696 12816952
  133.321126021 12710768 12710872
  133.688488000 12955224 12955480
  133.689237480 12955480 12955736
  133.689330188 12955824 12956048
  133.690155188 12955736 12955824
  133.690605709 12955112 12955224
  134.155241646 12952744 12952832
  134.283293729 12988976 12989008
  134.285699459 12993952 12993960
  134.289516646 12709664 12709800
  134.294977584 12990624 12990632
  134.300999979 12904624 12904840
  134.306662479 12988792 12988800
  134.312839563 12989472 12989480
  134.313533313 12911128 12911144
  134.315416125 12988768 12988776
  134.317926542 12995432 12995440
  135.790480708 12860968 12860976
  138.976209354 12918768 12918800
  138.986053104 12937704 12937840
  138.986858312 12937528 12937704
  138.987606750 12919352 12919608
  138.988443729 12922584 12922840
  138.989568729 12920704 12920960
  138.990975500 12922984 12923240
  138.991971854 12937200 12937456
  138.992956750 12923240 12923496
  138.993112479 12937456 12937528
  138.993329666 12923496 12923752
  138.994957791 12922104 12922360
  138.995814041 12918872 12919128
  138.996618208 12920312 12920568
  138.997390604 12922840 12922984
  138.998115604 12922360 12922560
  138.998818729 12919192 12919352
  138.999501541 12921848 12922104
  139.000264041 12918800 12918872
  139.000447375 12921256 12921512
  139.001403104 12919944 12920200
  139.002354145 12919800 12919944
  139.003026541 12920568 12920696
  139.003649458 12919128 12919192
  139.004146854 12921056 12921256
  139.004941645 12920696 12920704
  139.005114562 12919608 12919800
  139.005808312 12920960 12921056
  139.006380708 12921712 12921848
  139.006941125 12921512 12921712
  139.007769250 12920200 12920312
  139.009331750 12922560 12922584
  139.011971854 12923752 12924008
  139.048153625 12817728 12817736
  139.071358312 12924008 12924264
  139.105084875 12924264 12924424
  139.108880187 12984240 12984272
  139.117794250 12984296 12984432
  139.118771854 12984272 12984296
  139.121764041 12934816 12935072
  139.122815604 12932256 12932512
  139.123741645 12927104 12927360
  139.124633312 12934448 12934704
  139.125478104 12934704 12934816
  139.125603625 12935176 12935432
  139.126641125 12936416 12936672
  139.128016125 12931496 12931752
  139.130037479 12926072 12926328
  139.131053104 12935904 12936160
  139.131927583 12935632 12935888
  139.132950500 12927360 12927528
  139.133869250 12925376 12925632
  139.134737479 12925208 12925376
  139.135585395 12924464 12924720
  139.136452062 12926328 12926496
  139.137085916 12936272 12936416
  139.137838000 12936672 12936872
  139.139226020 12925936 12926072
  139.139933312 12927840 12928096
  139.140895291 12931752 12931912
  139.141725500 12932736 12932992
  139.142660395 12925632 12925760
  139.143320812 12924800 12925056
  139.144367687 12928096 12928288
  139.145390083 12931208 12931464
  139.146329145 12927528 12927664
  139.147091125 12929488 12929744
  139.147869250 12925760 12925936
  139.147997895 12926496 12926712
  139.148849458 12936160 12936272
  139.149643729 12930904 12931160
  139.150447895 12928288 12928440
  139.151275500 12931464 12931496
  139.151499979 12933072 12933328
  139.152617166 12924720 12924800
  139.153527583 12928944 12929200
  139.154537479 12928440 12928576
  139.155390604 12928592 12928848
  139.156343208 12929744 12929968
  139.157143208 12925056 12925208
  139.160280187 12928576 12928592
  139.160402583 12935888 12935904
  139.160861437 12932512 12932680
  139.161672895 12927664 12927840
  139.162382791 12931160 12931208
  139.162881750 12929288 12929488
  139.163649979 12933328 12933456
  139.164466125 12933520 12933776
  139.165420812 12933776 12933944
  139.166315604 12934208 12934448
  139.167342166 12932992 12933072
  139.187651020 12932680 12932736
  139.199013000 12926928 12927104
  139.202778104 12926712 12926928
  139.203983833 12933456 12933520
  139.459939562 12928848 12928944
  139.467067166 12929200 12929288
  139.471043208 12936904 12937160
  139.496658833 12929968 12930168
  139.509037999 12933984 12934208
  139.580804666 12937160 12937200
  139.630498416 12933944 12933984
  139.654252062 12930688 12930904
  139.910393208 12931912 12932168
  139.927218729 12924424 12924464
  140.046162479 12782608 12782616
  142.458031749 12752624 12752720
  142.522801541 12812256 12812512
  142.571704666 12905008 12905016
  142.770065603 12905992 12906000
  142.773546853 12905056 12905064
  142.781523416 12906168 12906176
  142.800349978 12988528 12988536
  143.059367166 12711344 12711416
  143.071553624 12905296 12905312
  143.080350499 12994672 12994680
  143.081672895 12994664 12994672
  143.086815603 12905312 12905336
  143.088860395 12988608 12988616
  143.089792166 12988688 12988696
  143.100347374 12988936 12988944
  143.103506749 12989024 12989032
  143.122748416 12898104 12898112
  143.124395811 12993304 12993312
  143.125354666 12988664 12988672
  143.125685395 12996904 12996912
  143.126503624 12996912 12997040
  143.126523936 12996784 12996904
  143.132876541 12988656 12988664
  143.133452582 12994832 12994840
  143.133740603 12994840 12994968
  143.133758832 12994712 12994832
  143.138211957 12905000 12905008
  143.209878103 12770640 12770656
  143.260163520 12991720 12991728
  143.260760395 12991728 12991760
  143.260776020 12991768 12991856
  143.260791645 12991600 12991720
  144.954525499 13011408 13011416
  145.005239040 13009096 13009296
  145.007907269 13009920 13010176
  146.997074978 13012752 13012920
  155.588324455 12988816 12988840
  157.828994247 12746792 12746840
  158.260965080 13040688 13040720
  158.261787997 13040720 13040728
  158.915642684 13012920 13012944
  159.041345288 12709800 12709848
  159.661266121 12696752 12696784
  159.681207788 12804792 12805048
  159.681715601 12805048 12805304
  159.684788517 12805304 12805352
  159.684832267 12805360 12805560
  160.389100496 12946032 12946072
  161.095809350 12956304 12956376
  161.930936954 13012024 13012104
  173.105137994 12905344 12905352
  173.109061953 12988672 12988688
  173.109503099 12994608 12994616
  173.110276536 12994600 12994608
  173.114787994 12994136 12994240
  173.114818203 12994112 12994128
  173.114824453 12993984 12994104
  173.126156224 12957872 12957904
  173.126428099 12957944 12958080
  173.126837474 12957904 12957944
  175.518132786 13473288 13473296
  175.518402577 13473296 13473304
  175.518591119 13473304 13473312
  175.518735911 13473312 13473320
  183.118078097 12904952 12905000
  183.118108305 12905016 12905056
  183.118116639 12905064 12905144
  183.118862993 12989216 12989224
  183.119120284 12989224 12989352
  183.119136951 12989096 12989216
  183.119884868 12988480 12988504
  205.406935906 12905336 12905344
  205.412278614 12988696 12988704
  205.412300489 12988712 12988720
  205.412306739 12988728 12988736
  205.418504135 12989520 12989528
  205.423634344 12993704 12993712
  232.100149965 12905960 12905968
  232.115304652 12905752 12905760
  232.731417152 12903240 12903248
  232.822868194 12988896 12988904
  234.624071318 12988504 12988528
  234.627833297 12990016 12990024
  234.671966110 12898080 12898088
  234.675539027 12752976 12753000
  234.772814027 12995424 12995432
  235.402234860 12916192 12916224
  235.402541110 12917744 12917880
  235.403040589 12916224 12916480
  235.403372360 12916480 12916736
  235.403815589 12917120 12917376
  235.404437985 12917480 12917736
  235.405059860 12917376 12917480
  235.405541110 12916736 12916992
  237.185546839 12905144 12905288
  237.186477568 12989888 12989896
  237.187230693 12989880 12989888
  258.077046315 12903224 12903232
  258.096569231 12903216 12903224
  258.136560377 12989008 12989016
  258.143127044 12903960 12903968
  258.146688502 12903952 12903960
  595.211105117 12994624 12994632
  595.212032201 12994632 12994640
  595.212046263 12994616 12994624
  722.911343119 11989096 11989160
 1992.630860113 12988904 12988912
 1992.630889279 12988928 12988936
 2009.927754381 12988648 12988656
 2009.928156985 12993712 12993720
 2009.937361152 12990584 12990592
 2009.941752818 12994648 12994656
 2009.942445527 12994656 12994664
 2009.942453339 12994680 12994688
 2009.942459068 12994640 12994648
 2015.929526255 12903168 12903176
 2016.434779380 12898072 12898080
 2019.903292921 12932168 12932256
 2020.372459587 12989088 12989096
 2134.034631445 12905288 12905296
 2616.026000642 12623832 12623840
 2616.026497517 12623840 12623848
 2616.026660538 12623848 12623856
 2616.026813142 12623856 12623864
 2616.026971997 12623864 12623872
 2677.465877196 12657120 12657128
 2677.466751154 12657272 12657280
 2677.467195946 12657296 12657304
 2677.467397508 12657304 12657312
 2738.906455311 12664704 12664712
 2966.824076110 12989040 12989064
 2966.824108401 12989080 12989088
 2966.880563610 12903920 12903928
 2966.880589131 12903936 12903952
 2966.880595381 12903968 12904032
 2966.880605797 12904040 12904088
 2966.880615172 12904096 12904176
 3046.106469327 12599440 12599448
 3046.107205264 12599448 12599456
 3046.107703702 12599456 12599464
 3046.107922452 12599464 12599472
 3046.108118806 12599640 12599648
 3046.108329223 12599648 12599656
 3046.108531306 12599656 12599664
 3081.023283905 12996400 12996408
 3081.023677655 12996408 12996536
 3081.023695363 12996328 12996400
 3081.023705780 12996280 12996320
 3107.546181817 12623872 12623880
 3107.546810463 12623880 12623888
 3107.547209422 12623888 12623896
 3107.547617234 12623896 12623904
 3107.548054734 12623904 12623912
 3107.548203172 12623912 12623920
 3107.548345359 12623920 12623928
 3230.426305236 13087816 13087824
 3230.427012528 13087824 13087832
 3230.427491174 13088032 13088040
 3230.427965132 13088056 13088064
 3230.428429715 13088064 13088072
 3230.428645861 13088072 13088080
 3230.428820340 13088080 13088088
 3419.185114582 12993192 12993200
 3419.185578645 12993200 12993304
 3419.185598437 12993312 12993328
 3419.185606770 12993072 12993192
 3419.187188020 12991552 12991560
 3419.187540624 12991560 12991600
 3419.187553645 12991432 12991552
 3476.189820303 13128016 13128024
 3476.191458324 13128128 13128136
 3476.191650511 13128136 13128144
 3476.191817699 13128168 13128176
 3476.192997386 13128176 13128184
 3476.193203115 13129344 13129352
 3476.193380199 13129352 13129360
 3476.193540615 13129360 13129368
 3476.193727074 13129624 13129632
 3537.625926543 13156568 13156576
 3537.626516127 13156576 13156584
 3537.626945293 13158912 13158920
 3537.627370293 13160344 13160352
 3660.507639025 12599144 12599152
 3660.508109337 12599152 12599160
 3660.508717150 12599160 12599168
 3660.509233816 12599168 12599176
 3660.509791629 12599176 12599184
 3660.510394754 12599184 12599192
 3660.510843191 12599192 12599200
 3660.511098921 12599200 12599208
 3660.511263504 12599208 12599216
 3660.511489546 12599216 12599224
 3660.511627046 12599224 12599232
 3660.511915066 12599232 12599240
 3721.945924953 12640256 12640264
 3721.946355161 12640264 12640272
 3721.946569745 12640272 12640280
 3721.946725474 12640312 12640320
 3721.946935370 12640472 12640480
 3721.947116099 12640480 12640488
 3721.947325474 12643176 12643184
 3721.947512453 12643456 12643464
 3721.947703078 12643464 12643472
 3721.947832245 12643488 12643496
 3721.948017661 12643496 12643504
 3721.948190057 12643504 12643512
 3721.948362453 12643512 12643520
 3844.825957226 12655504 12655512
 3844.826486913 12655512 12655520
 3844.826772851 12655520 12655528
 3844.827637434 12655528 12655536
 3844.827932226 12655536 12655544
 3844.828393163 12655544 12655552
 3844.828590038 12655552 12655560
 3844.828770247 12655560 12655568
 3844.828981184 12655568 12655576
 3844.829184830 12655576 12655584
 3844.829349413 12655584 12655592
 3844.829521288 12655592 12655600
 3906.265786904 12685392 12685400
 3906.267051487 12686400 12686408
 3906.267338466 12686408 12686416
 3906.267581696 12686968 12686976
 3906.267765550 12686976 12686984
 3906.267899925 12687192 12687200
 3906.268071800 12687200 12687208
 3906.268238466 12687208 12687216
 3906.268406175 12687216 12687224
 3906.268579091 12687224 12687232
 3906.268754091 12687232 12687240
 3906.268921279 12687240 12687248
 3967.706579603 13035480 13035488
 3967.707354082 13035488 13035496
 3967.707824915 13035496 13035504
 3967.710307728 13035504 13035512
 3967.710738978 13035512 13035520
 3967.711340020 13035672 13035680
 3967.711829082 13035696 13035704
 3967.712180645 13035704 13035712
 3967.712647832 13035728 13035736
 3967.713028561 13035736 13035744
 3967.713420749 13035744 13035752
 3967.713859290 13035752 13035760
 3967.714444707 13035760 13035768
 4029.146887406 13112896 13112904
 4029.147423343 13112920 13112928
 4029.147816052 13112928 13112936
 4029.148133760 13112936 13112944
 4029.148497302 13112944 13112952
 4029.148819177 13112952 13112960
 4029.149188448 13112960 13112968
 4029.149548343 13112968 13112976
 4029.149870218 13112976 13112984
 4029.150197302 13112984 13112992
 4029.150560323 13112992 13113000
 4029.150885843 13113000 13113008
 4029.151209802 13113008 13113016
 4029.151456677 13113016 13113024
 4029.151781677 13113120 13113128
 4065.363346775 12903248 12903256
 4065.380393650 12988800 12988808
 4069.217944692 12903272 12903280
 4079.043833232 12990608 12990616
 4079.044978544 12990616 12990624
 4079.044988440 12990600 12990608
 4079.064343648 12906416 12906424
 4079.065052503 12906424 12906496
 4079.065068128 12906376 12906416
 4079.065076982 12906296 12906368
 4079.065088440 12988416 12988464
